"Clock "gettimeofday"","Unit seconds"
"iteration","simulation time",""CCTK total time" (average)",""CCTK total time" (minimum)",""CCTK total time" (maximum)",""IO method CarpetIOBasic" (average)",""IO method CarpetIOBasic" (minimum)",""IO method CarpetIOBasic" (maximum)",""IO method CarpetIOScalar" (average)",""IO method CarpetIOScalar" (minimum)",""IO method CarpetIOScalar" (maximum)",""IO method IOASCII_0D" (average)",""IO method IOASCII_0D" (minimum)",""IO method IOASCII_0D" (maximum)",""IO method IOASCII_1D" (average)",""IO method IOASCII_1D" (minimum)",""IO method IOASCII_1D" (maximum)",""IO method IOASCII_2D" (average)",""IO method IOASCII_2D" (minimum)",""IO method IOASCII_2D" (maximum)",""IO method IOASCII_3D" (average)",""IO method IOASCII_3D" (minimum)",""IO method IOASCII_3D" (maximum)",""IO method IOHDF5" (average)",""IO method IOHDF5" (minimum)",""IO method IOHDF5" (maximum)",""IO method IOHDF5_0D" (average)",""IO method IOHDF5_0D" (minimum)",""IO method IOHDF5_0D" (maximum)",""IO method IOHDF5_1D" (average)",""IO method IOHDF5_1D" (minimum)",""IO method IOHDF5_1D" (maximum)",""IO method IOHDF5_2D" (average)",""IO method IOHDF5_2D" (minimum)",""IO method IOHDF5_2D" (maximum)",""IO method IOHDF5_3D" (average)",""IO method IOHDF5_3D" (minimum)",""IO method IOHDF5_3D" (maximum)",""Slab/apply" (average)",""Slab/apply" (minimum)",""Slab/apply" (maximum)",""Slab/copy_back" (average)",""Slab/copy_back" (minimum)",""Slab/copy_back" (maximum)",""Slab/copy_back_flipgeneral" (average)",""Slab/copy_back_flipgeneral" (minimum)",""Slab/copy_back_flipgeneral" (maximum)",""Slab/copy_back_flipx" (average)",""Slab/copy_back_flipx" (minimum)",""Slab/copy_back_flipx" (maximum)",""Slab/copy_back_flipxy" (average)",""Slab/copy_back_flipxy" (minimum)",""Slab/copy_back_flipxy" (maximum)",""Slab/copy_back_flipy" (average)",""Slab/copy_back_flipy" (minimum)",""Slab/copy_back_flipy" (maximum)",""Slab/copy_back_general" (average)",""Slab/copy_back_general" (minimum)",""Slab/copy_back_general" (maximum)",""Slab/copy_back_noflip" (average)",""Slab/copy_back_noflip" (minimum)",""Slab/copy_back_noflip" (maximum)",""Slab/copy_in" (average)",""Slab/copy_in" (minimum)",""Slab/copy_in" (maximum)",""Slab/copy_in_general" (average)",""Slab/copy_in_general" (minimum)",""Slab/copy_in_general" (maximum)",""Slab/copy_in_noxpose" (average)",""Slab/copy_in_noxpose" (minimum)",""Slab/copy_in_noxpose" (maximum)",""Slab/copy_in_xposegeneral" (average)",""Slab/copy_in_xposegeneral" (minimum)",""Slab/copy_in_xposegeneral" (maximum)",""Slab/copy_in_xposexy" (average)",""Slab/copy_in_xposexy" (minimum)",""Slab/copy_in_xposexy" (maximum)",""Slab/init" (average)",""Slab/init" (minimum)",""Slab/init" (maximum)",""Slab/xfer" (average)",""Slab/xfer" (minimum)",""Slab/xfer" (maximum)",""[0000] Carpet: MultiModel_Startup in CCTK_STARTUP" (average)",""[0000] Carpet: MultiModel_Startup in CCTK_STARTUP" (minimum)",""[0000] Carpet: MultiModel_Startup in CCTK_STARTUP" (maximum)",""[0001] CycleClock: CycleClock_Setup in CCTK_STARTUP" (average)",""[0001] CycleClock: CycleClock_Setup in CCTK_STARTUP" (minimum)",""[0001] CycleClock: CycleClock_Setup in CCTK_STARTUP" (maximum)",""[0002] LoopControl: lc_setup in CCTK_STARTUP" (average)",""[0002] LoopControl: lc_setup in CCTK_STARTUP" (minimum)",""[0002] LoopControl: lc_setup in CCTK_STARTUP" (maximum)",""[0003] ML_BSSN_Helper: ML_BSSN_SetGroupTags in CCTK_STARTUP" (average)",""[0003] ML_BSSN_Helper: ML_BSSN_SetGroupTags in CCTK_STARTUP" (minimum)",""[0003] ML_BSSN_Helper: ML_BSSN_SetGroupTags in CCTK_STARTUP" (maximum)",""[0004] Timers: Timer_Startup in CCTK_STARTUP" (average)",""[0004] Timers: Timer_Startup in CCTK_STARTUP" (minimum)",""[0004] Timers: Timer_Startup in CCTK_STARTUP" (maximum)",""[0005] Carpet: Driver_Startup in CCTK_STARTUP" (average)",""[0005] Carpet: Driver_Startup in CCTK_STARTUP" (minimum)",""[0005] Carpet: Driver_Startup in CCTK_STARTUP" (maximum)",""[0006] IOUtil: IOUtil_Startup in CCTK_STARTUP" (average)",""[0006] IOUtil: IOUtil_Startup in CCTK_STARTUP" (minimum)",""[0006] IOUtil: IOUtil_Startup in CCTK_STARTUP" (maximum)",""[0007] CarpetInterp: CarpetInterpStartup in CCTK_STARTUP" (average)",""[0007] CarpetInterp: CarpetInterpStartup in CCTK_STARTUP" (minimum)",""[0007] CarpetInterp: CarpetInterpStartup in CCTK_STARTUP" (maximum)",""[0008] CarpetReduce: CarpetReduceStartup in CCTK_STARTUP" (average)",""[0008] CarpetReduce: CarpetReduceStartup in CCTK_STARTUP" (minimum)",""[0008] CarpetReduce: CarpetReduceStartup in CCTK_STARTUP" (maximum)",""[0009] CartGrid3D: SymmetryStartup in CCTK_STARTUP" (average)",""[0009] CartGrid3D: SymmetryStartup in CCTK_STARTUP" (minimum)",""[0009] CartGrid3D: SymmetryStartup in CCTK_STARTUP" (maximum)",""[0010] CoordBase: CoordBase_Startup in CCTK_STARTUP" (average)",""[0010] CoordBase: CoordBase_Startup in CCTK_STARTUP" (minimum)",""[0010] CoordBase: CoordBase_Startup in CCTK_STARTUP" (maximum)",""[0011] AEILocalInterp: AEILocalInterp_U_Startup in CCTK_STARTUP" (average)",""[0011] AEILocalInterp: AEILocalInterp_U_Startup in CCTK_STARTUP" (minimum)",""[0011] AEILocalInterp: AEILocalInterp_U_Startup in CCTK_STARTUP" (maximum)",""[0012] CarpetIOASCII: CarpetIOASCIIStartup in CCTK_STARTUP" (average)",""[0012] CarpetIOASCII: CarpetIOASCIIStartup in CCTK_STARTUP" (minimum)",""[0012] CarpetIOASCII: CarpetIOASCIIStartup in CCTK_STARTUP" (maximum)",""[0013] LocalInterp: LocalInterp_Startup in CCTK_STARTUP" (average)",""[0013] LocalInterp: LocalInterp_Startup in CCTK_STARTUP" (minimum)",""[0013] LocalInterp: LocalInterp_Startup in CCTK_STARTUP" (maximum)",""[0014] CarpetIOBasic: CarpetIOBasicStartup in CCTK_STARTUP" (average)",""[0014] CarpetIOBasic: CarpetIOBasicStartup in CCTK_STARTUP" (minimum)",""[0014] CarpetIOBasic: CarpetIOBasicStartup in CCTK_STARTUP" (maximum)",""[0015] ML_BSSN: ML_BSSN_Startup in CCTK_STARTUP" (average)",""[0015] ML_BSSN: ML_BSSN_Startup in CCTK_STARTUP" (minimum)",""[0015] ML_BSSN: ML_BSSN_Startup in CCTK_STARTUP" (maximum)",""[0016] ML_BSSN_Helper: ML_BSSN_RegisterSlicing in CCTK_STARTUP" (average)",""[0016] ML_BSSN_Helper: ML_BSSN_RegisterSlicing in CCTK_STARTUP" (minimum)",""[0016] ML_BSSN_Helper: ML_BSSN_RegisterSlicing in CCTK_STARTUP" (maximum)",""[0017] CarpetIOHDF5: CarpetIOHDF5_Startup in CCTK_STARTUP" (average)",""[0017] CarpetIOHDF5: CarpetIOHDF5_Startup in CCTK_STARTUP" (minimum)",""[0017] CarpetIOHDF5: CarpetIOHDF5_Startup in CCTK_STARTUP" (maximum)",""[0018] MoL: MoL_Startup in CCTK_STARTUP" (average)",""[0018] MoL: MoL_Startup in CCTK_STARTUP" (minimum)",""[0018] MoL: MoL_Startup in CCTK_STARTUP" (maximum)",""[0019] Slab: Slab_InitMPIDatatypes in CCTK_STARTUP" (average)",""[0019] Slab: Slab_InitMPIDatatypes in CCTK_STARTUP" (minimum)",""[0019] Slab: Slab_InitMPIDatatypes in CCTK_STARTUP" (maximum)",""[0020] SymBase: SymBase_Startup in CCTK_STARTUP" (average)",""[0020] SymBase: SymBase_Startup in CCTK_STARTUP" (minimum)",""[0020] SymBase: SymBase_Startup in CCTK_STARTUP" (maximum)",""[0021] CarpetIOScalar: CarpetIOScalarStartup in CCTK_STARTUP" (average)",""[0021] CarpetIOScalar: CarpetIOScalarStartup in CCTK_STARTUP" (minimum)",""[0021] CarpetIOScalar: CarpetIOScalarStartup in CCTK_STARTUP" (maximum)",""[0022] Vectors: Vectors_Startup in CCTK_STARTUP" (average)",""[0022] Vectors: Vectors_Startup in CCTK_STARTUP" (minimum)",""[0022] Vectors: Vectors_Startup in CCTK_STARTUP" (maximum)",""[0023] ADMBase: Einstein_InitSymBound in CCTK_WRAGH" (average)",""[0023] ADMBase: Einstein_InitSymBound in CCTK_WRAGH" (minimum)",""[0023] ADMBase: Einstein_InitSymBound in CCTK_WRAGH" (maximum)",""[0024] ADMConstraints: ADMConstraint_InitSymBound in CCTK_WRAGH" (average)",""[0024] ADMConstraints: ADMConstraint_InitSymBound in CCTK_WRAGH" (minimum)",""[0024] ADMConstraints: ADMConstraint_InitSymBound in CCTK_WRAGH" (maximum)",""[0025] Boundary: Boundary_RegisterBCs in CCTK_WRAGH" (average)",""[0025] Boundary: Boundary_RegisterBCs in CCTK_WRAGH" (minimum)",""[0025] Boundary: Boundary_RegisterBCs in CCTK_WRAGH" (maximum)",""[0026] CartGrid3D: RegisterCartGrid3DCoords in CCTK_WRAGH" (average)",""[0026] CartGrid3D: RegisterCartGrid3DCoords in CCTK_WRAGH" (minimum)",""[0026] CartGrid3D: RegisterCartGrid3DCoords in CCTK_WRAGH" (maximum)",""[0027] CoordGauge: Einstein_ActivateSlicing in CCTK_WRAGH" (average)",""[0027] CoordGauge: Einstein_ActivateSlicing in CCTK_WRAGH" (minimum)",""[0027] CoordGauge: Einstein_ActivateSlicing in CCTK_WRAGH" (maximum)",""[0028] CoordGauge: Einstein_SetNextSlicing in CCTK_WRAGH" (average)",""[0028] CoordGauge: Einstein_SetNextSlicing in CCTK_WRAGH" (minimum)",""[0028] CoordGauge: Einstein_SetNextSlicing in CCTK_WRAGH" (maximum)",""[0029] ML_BSSN_Helper: ML_BSSN_ParamCompat in CCTK_WRAGH" (average)",""[0029] ML_BSSN_Helper: ML_BSSN_ParamCompat in CCTK_WRAGH" (minimum)",""[0029] ML_BSSN_Helper: ML_BSSN_ParamCompat in CCTK_WRAGH" (maximum)",""[0030] ManyBH: ManyBH_spectralinit in CCTK_WRAGH" (average)",""[0030] ManyBH: ManyBH_spectralinit in CCTK_WRAGH" (minimum)",""[0030] ManyBH: ManyBH_spectralinit in CCTK_WRAGH" (maximum)",""[0031] MoL: MoL_SetupIndexArrays in CCTK_WRAGH" (average)",""[0031] MoL: MoL_SetupIndexArrays in CCTK_WRAGH" (minimum)",""[0031] MoL: MoL_SetupIndexArrays in CCTK_WRAGH" (maximum)",""[0032] MoL: MoL_SetScheduleStatus in CCTK_WRAGH" (average)",""[0032] MoL: MoL_SetScheduleStatus in CCTK_WRAGH" (minimum)",""[0032] MoL: MoL_SetScheduleStatus in CCTK_WRAGH" (maximum)",""[0033] TmunuBase: TmunuBase_SetStressEnergyState in CCTK_WRAGH" (average)",""[0033] TmunuBase: TmunuBase_SetStressEnergyState in CCTK_WRAGH" (minimum)",""[0033] TmunuBase: TmunuBase_SetStressEnergyState in CCTK_WRAGH" (maximum)",""[0034] ML_BSSN: ML_BSSN_RegisterVars in CCTK_WRAGH" (average)",""[0034] ML_BSSN: ML_BSSN_RegisterVars in CCTK_WRAGH" (minimum)",""[0034] ML_BSSN: ML_BSSN_RegisterVars in CCTK_WRAGH" (maximum)",""[0035] ML_BSSN_Helper: ML_BSSN_RegisterConstrained in CCTK_WRAGH" (average)",""[0035] ML_BSSN_Helper: ML_BSSN_RegisterConstrained in CCTK_WRAGH" (minimum)",""[0035] ML_BSSN_Helper: ML_BSSN_RegisterConstrained in CCTK_WRAGH" (maximum)",""[0036] Slab: Slab_InitTimers in CCTK_WRAGH" (average)",""[0036] Slab: Slab_InitTimers in CCTK_WRAGH" (minimum)",""[0036] Slab: Slab_InitTimers in CCTK_WRAGH" (maximum)",""[0037] CartGrid3D: RegisterSymmetryBoundaries in CCTK_WRAGH" (average)",""[0037] CartGrid3D: RegisterSymmetryBoundaries in CCTK_WRAGH" (minimum)",""[0037] CartGrid3D: RegisterSymmetryBoundaries in CCTK_WRAGH" (maximum)",""[0038] ML_BSSN: ML_BSSN_RegisterSymmetries in CCTK_WRAGH" (average)",""[0038] ML_BSSN: ML_BSSN_RegisterSymmetries in CCTK_WRAGH" (minimum)",""[0038] ML_BSSN: ML_BSSN_RegisterSymmetries in CCTK_WRAGH" (maximum)",""[0039] SymBase: SymBase_Statistics in CCTK_WRAGH" (average)",""[0039] SymBase: SymBase_Statistics in CCTK_WRAGH" (minimum)",""[0039] SymBase: SymBase_Statistics in CCTK_WRAGH" (maximum)",""[0040] MoL: MoL_ReportNumberVariables in CCTK_WRAGH" (average)",""[0040] MoL: MoL_ReportNumberVariables in CCTK_WRAGH" (minimum)",""[0040] MoL: MoL_ReportNumberVariables in CCTK_WRAGH" (maximum)",""[0041] ADMBase: ADMBase_ParamCheck in CCTK_PARAMCHECK" (average)",""[0041] ADMBase: ADMBase_ParamCheck in CCTK_PARAMCHECK" (minimum)",""[0041] ADMBase: ADMBase_ParamCheck in CCTK_PARAMCHECK" (maximum)",""[0042] ADMConstraints: ADMConstraints_ParamCheck in CCTK_PARAMCHECK" (average)",""[0042] ADMConstraints: ADMConstraints_ParamCheck in CCTK_PARAMCHECK" (minimum)",""[0042] ADMConstraints: ADMConstraints_ParamCheck in CCTK_PARAMCHECK" (maximum)",""[0043] Boundary: Boundary_Check in CCTK_PARAMCHECK" (average)",""[0043] Boundary: Boundary_Check in CCTK_PARAMCHECK" (minimum)",""[0043] Boundary: Boundary_Check in CCTK_PARAMCHECK" (maximum)",""[0044] Carpet: CarpetParamCheck in CCTK_PARAMCHECK" (average)",""[0044] Carpet: CarpetParamCheck in CCTK_PARAMCHECK" (minimum)",""[0044] Carpet: CarpetParamCheck in CCTK_PARAMCHECK" (maximum)",""[0045] CarpetLib: CarpetLib_test_prolongate_3d_rf2 in CCTK_PARAMCHECK" (average)",""[0045] CarpetLib: CarpetLib_test_prolongate_3d_rf2 in CCTK_PARAMCHECK" (minimum)",""[0045] CarpetLib: CarpetLib_test_prolongate_3d_rf2 in CCTK_PARAMCHECK" (maximum)",""[0046] CartGrid3D: ParamCheck_CartGrid3D in CCTK_PARAMCHECK" (average)",""[0046] CartGrid3D: ParamCheck_CartGrid3D in CCTK_PARAMCHECK" (minimum)",""[0046] CartGrid3D: ParamCheck_CartGrid3D in CCTK_PARAMCHECK" (maximum)",""[0047] Fortran: CheckFortranParameters in CCTK_PARAMCHECK" (average)",""[0047] Fortran: CheckFortranParameters in CCTK_PARAMCHECK" (minimum)",""[0047] Fortran: CheckFortranParameters in CCTK_PARAMCHECK" (maximum)",""[0048] ML_BSSN_Helper: ML_BSSN_ParamCheck in CCTK_PARAMCHECK" (average)",""[0048] ML_BSSN_Helper: ML_BSSN_ParamCheck in CCTK_PARAMCHECK" (minimum)",""[0048] ML_BSSN_Helper: ML_BSSN_ParamCheck in CCTK_PARAMCHECK" (maximum)",""[0049] MoL: MoL_ParamCheck in CCTK_PARAMCHECK" (average)",""[0049] MoL: MoL_ParamCheck in CCTK_PARAMCHECK" (minimum)",""[0049] MoL: MoL_ParamCheck in CCTK_PARAMCHECK" (maximum)",""[0050] Vectors: Vectors_Test in CCTK_PARAMCHECK" (average)",""[0050] Vectors: Vectors_Test in CCTK_PARAMCHECK" (minimum)",""[0050] Vectors: Vectors_Test in CCTK_PARAMCHECK" (maximum)",""[0051] ADMBase: ADMBase_SetShiftStateOn in CCTK_BASEGRID" (average)",""[0051] ADMBase: ADMBase_SetShiftStateOn in CCTK_BASEGRID" (minimum)",""[0051] ADMBase: ADMBase_SetShiftStateOn in CCTK_BASEGRID" (maximum)",""[0052] ADMBase: ADMBase_SetDtLapseStateOn in CCTK_BASEGRID" (average)",""[0052] ADMBase: ADMBase_SetDtLapseStateOn in CCTK_BASEGRID" (minimum)",""[0052] ADMBase: ADMBase_SetDtLapseStateOn in CCTK_BASEGRID" (maximum)",""[0053] ADMBase: ADMBase_SetDtShiftStateOn in CCTK_BASEGRID" (average)",""[0053] ADMBase: ADMBase_SetDtShiftStateOn in CCTK_BASEGRID" (minimum)",""[0053] ADMBase: ADMBase_SetDtShiftStateOn in CCTK_BASEGRID" (maximum)",""[0054] ADMMacros: ADMMacros_SetLocalSpatialOrder in CCTK_BASEGRID" (average)",""[0054] ADMMacros: ADMMacros_SetLocalSpatialOrder in CCTK_BASEGRID" (minimum)",""[0054] ADMMacros: ADMMacros_SetLocalSpatialOrder in CCTK_BASEGRID" (maximum)",""[0055] CartGrid3D: SpatialSpacings in CCTK_BASEGRID" (average)",""[0055] CartGrid3D: SpatialSpacings in CCTK_BASEGRID" (minimum)",""[0055] CartGrid3D: SpatialSpacings in CCTK_BASEGRID" (maximum)",""[0056] CartGrid3D: SpatialCoordinates in CCTK_BASEGRID" (average)",""[0056] CartGrid3D: SpatialCoordinates in CCTK_BASEGRID" (minimum)",""[0056] CartGrid3D: SpatialCoordinates in CCTK_BASEGRID" (maximum)",""[0057] CarpetReduce: MaskBase_AllocateMask in CCTK_BASEGRID" (average)",""[0057] CarpetReduce: MaskBase_AllocateMask in CCTK_BASEGRID" (minimum)",""[0057] CarpetReduce: MaskBase_AllocateMask in CCTK_BASEGRID" (maximum)",""[0058] CarpetReduce: MaskBase_InitMask in CCTK_BASEGRID" (average)",""[0058] CarpetReduce: MaskBase_InitMask in CCTK_BASEGRID" (minimum)",""[0058] CarpetReduce: MaskBase_InitMask in CCTK_BASEGRID" (maximum)",""[0059] CarpetReduce: CoordBase_SetupMask in CCTK_BASEGRID" (average)",""[0059] CarpetReduce: CoordBase_SetupMask in CCTK_BASEGRID" (minimum)",""[0059] CarpetReduce: CoordBase_SetupMask in CCTK_BASEGRID" (maximum)",""[0060] CarpetReduce: CarpetMaskSetup in CCTK_BASEGRID" (average)",""[0060] CarpetReduce: CarpetMaskSetup in CCTK_BASEGRID" (minimum)",""[0060] CarpetReduce: CarpetMaskSetup in CCTK_BASEGRID" (maximum)",""[0061] CarpetReduce: MaskBase_SetMask in CCTK_BASEGRID" (average)",""[0061] CarpetReduce: MaskBase_SetMask in CCTK_BASEGRID" (minimum)",""[0061] CarpetReduce: MaskBase_SetMask in CCTK_BASEGRID" (maximum)",""[0062] CarpetReduce: MaskBase_TestMask in CCTK_BASEGRID" (average)",""[0062] CarpetReduce: MaskBase_TestMask in CCTK_BASEGRID" (minimum)",""[0062] CarpetReduce: MaskBase_TestMask in CCTK_BASEGRID" (maximum)",""[0063] ML_BSSN: ML_BSSN_CheckBoundaries in CCTK_BASEGRID" (average)",""[0063] ML_BSSN: ML_BSSN_CheckBoundaries in CCTK_BASEGRID" (minimum)",""[0063] ML_BSSN: ML_BSSN_CheckBoundaries in CCTK_BASEGRID" (maximum)",""[0064] SymBase: SymBase_Check in CCTK_BASEGRID" (average)",""[0064] SymBase: SymBase_Check in CCTK_BASEGRID" (minimum)",""[0064] SymBase: SymBase_Check in CCTK_BASEGRID" (maximum)",""[0065] Time: Time_Initialise in CCTK_BASEGRID" (average)",""[0065] Time: Time_Initialise in CCTK_BASEGRID" (minimum)",""[0065] Time: Time_Initialise in CCTK_BASEGRID" (maximum)",""[0066] Time: TemporalSpacings in CCTK_BASEGRID" (average)",""[0066] Time: TemporalSpacings in CCTK_BASEGRID" (minimum)",""[0066] Time: TemporalSpacings in CCTK_BASEGRID" (maximum)",""[0067] StaticConformal: StaticConformal_InitialiseState in CCTK_INITIAL" (average)",""[0067] StaticConformal: StaticConformal_InitialiseState in CCTK_INITIAL" (minimum)",""[0067] StaticConformal: StaticConformal_InitialiseState in CCTK_INITIAL" (maximum)",""[0068] ManyBH: ManyBH_initialdata in CCTK_INITIAL" (average)",""[0068] ManyBH: ManyBH_initialdata in CCTK_INITIAL" (minimum)",""[0068] ManyBH: ManyBH_initialdata in CCTK_INITIAL" (maximum)",""[0069] ADMBase: ADMBase_LapseOne in CCTK_INITIAL" (average)",""[0069] ADMBase: ADMBase_LapseOne in CCTK_INITIAL" (minimum)",""[0069] ADMBase: ADMBase_LapseOne in CCTK_INITIAL" (maximum)",""[0070] ADMBase: ADMBase_ShiftZero in CCTK_INITIAL" (average)",""[0070] ADMBase: ADMBase_ShiftZero in CCTK_INITIAL" (minimum)",""[0070] ADMBase: ADMBase_ShiftZero in CCTK_INITIAL" (maximum)",""[0071] ADMBase: ADMBase_DtLapseZero in CCTK_INITIAL" (average)",""[0071] ADMBase: ADMBase_DtLapseZero in CCTK_INITIAL" (minimum)",""[0071] ADMBase: ADMBase_DtLapseZero in CCTK_INITIAL" (maximum)",""[0072] ADMBase: ADMBase_DtShiftZero in CCTK_INITIAL" (average)",""[0072] ADMBase: ADMBase_DtShiftZero in CCTK_INITIAL" (minimum)",""[0072] ADMBase: ADMBase_DtShiftZero in CCTK_INITIAL" (maximum)",""[0073] CarpetIOASCII: CarpetIOASCIIInit in CCTK_INITIAL" (average)",""[0073] CarpetIOASCII: CarpetIOASCIIInit in CCTK_INITIAL" (minimum)",""[0073] CarpetIOASCII: CarpetIOASCIIInit in CCTK_INITIAL" (maximum)",""[0074] CarpetIOBasic: CarpetIOBasicInit in CCTK_INITIAL" (average)",""[0074] CarpetIOBasic: CarpetIOBasicInit in CCTK_INITIAL" (minimum)",""[0074] CarpetIOBasic: CarpetIOBasicInit in CCTK_INITIAL" (maximum)",""[0075] CarpetIOHDF5: CarpetIOHDF5_Init in CCTK_INITIAL" (average)",""[0075] CarpetIOHDF5: CarpetIOHDF5_Init in CCTK_INITIAL" (minimum)",""[0075] CarpetIOHDF5: CarpetIOHDF5_Init in CCTK_INITIAL" (maximum)",""[0076] CarpetIOScalar: CarpetIOScalarInit in CCTK_INITIAL" (average)",""[0076] CarpetIOScalar: CarpetIOScalarInit in CCTK_INITIAL" (minimum)",""[0076] CarpetIOScalar: CarpetIOScalarInit in CCTK_INITIAL" (maximum)",""[0077] ML_BSSN: ML_BSSN_InitialADMBase1Everywhere in CCTK_INITIAL" (average)",""[0077] ML_BSSN: ML_BSSN_InitialADMBase1Everywhere in CCTK_INITIAL" (minimum)",""[0077] ML_BSSN: ML_BSSN_InitialADMBase1Everywhere in CCTK_INITIAL" (maximum)",""[0078] ML_BSSN: ML_BSSN_InitialADMBase2BoundaryScalar in CCTK_INITIAL" (average)",""[0078] ML_BSSN: ML_BSSN_InitialADMBase2BoundaryScalar in CCTK_INITIAL" (minimum)",""[0078] ML_BSSN: ML_BSSN_InitialADMBase2BoundaryScalar in CCTK_INITIAL" (maximum)",""[0079] MoL: MoL_StartLoop in CCTK_INITIAL" (average)",""[0079] MoL: MoL_StartLoop in CCTK_INITIAL" (minimum)",""[0079] MoL: MoL_StartLoop in CCTK_INITIAL" (maximum)",""[0080] ML_BSSN: ML_BSSN_InitialADMBase2Interior in CCTK_INITIAL" (average)",""[0080] ML_BSSN: ML_BSSN_InitialADMBase2Interior in CCTK_INITIAL" (minimum)",""[0080] ML_BSSN: ML_BSSN_InitialADMBase2Interior in CCTK_INITIAL" (maximum)",""[0081] TmunuBase: TmunuBase_ZeroTmunu in CCTK_INITIAL" (average)",""[0081] TmunuBase: TmunuBase_ZeroTmunu in CCTK_INITIAL" (minimum)",""[0081] TmunuBase: TmunuBase_ZeroTmunu in CCTK_INITIAL" (maximum)",""[0082] ML_BSSN: ML_BSSN_EnforceEverywhere in CCTK_POSTINITIAL" (average)",""[0082] ML_BSSN: ML_BSSN_EnforceEverywhere in CCTK_POSTINITIAL" (minimum)",""[0082] ML_BSSN: ML_BSSN_EnforceEverywhere in CCTK_POSTINITIAL" (maximum)",""[0083] CarpetIOHDF5: CarpetIOHDF5_CloseFiles in CCTK_POSTINITIAL" (average)",""[0083] CarpetIOHDF5: CarpetIOHDF5_CloseFiles in CCTK_POSTINITIAL" (minimum)",""[0083] CarpetIOHDF5: CarpetIOHDF5_CloseFiles in CCTK_POSTINITIAL" (maximum)",""[0084] ADMBase: ADMBase_Boundaries in CCTK_POSTINITIAL" (average)",""[0084] ADMBase: ADMBase_Boundaries in CCTK_POSTINITIAL" (minimum)",""[0084] ADMBase: ADMBase_Boundaries in CCTK_POSTINITIAL" (maximum)",""[0085] Boundary: Boundary_ApplyPhysicalBCs in CCTK_POSTINITIAL" (average)",""[0085] Boundary: Boundary_ApplyPhysicalBCs in CCTK_POSTINITIAL" (minimum)",""[0085] Boundary: Boundary_ApplyPhysicalBCs in CCTK_POSTINITIAL" (maximum)",""[0086] CartGrid3D: CartGrid3D_ApplyBC in CCTK_POSTINITIAL" (average)",""[0086] CartGrid3D: CartGrid3D_ApplyBC in CCTK_POSTINITIAL" (minimum)",""[0086] CartGrid3D: CartGrid3D_ApplyBC in CCTK_POSTINITIAL" (maximum)",""[0087] Boundary: Boundary_ClearSelection in CCTK_POSTINITIAL" (average)",""[0087] Boundary: Boundary_ClearSelection in CCTK_POSTINITIAL" (minimum)",""[0087] Boundary: Boundary_ClearSelection in CCTK_POSTINITIAL" (maximum)",""[0088] ML_BSSN: ML_BSSN_SelectBoundConds in CCTK_POSTINITIAL" (average)",""[0088] ML_BSSN: ML_BSSN_SelectBoundConds in CCTK_POSTINITIAL" (minimum)",""[0088] ML_BSSN: ML_BSSN_SelectBoundConds in CCTK_POSTINITIAL" (maximum)",""[0089] ML_BSSN: ML_BSSN_ADMBaseInterior in CCTK_POSTINITIAL" (average)",""[0089] ML_BSSN: ML_BSSN_ADMBaseInterior in CCTK_POSTINITIAL" (minimum)",""[0089] ML_BSSN: ML_BSSN_ADMBaseInterior in CCTK_POSTINITIAL" (maximum)",""[0090] ML_BSSN: ML_BSSN_ADMBaseBoundaryScalar in CCTK_POSTINITIAL" (average)",""[0090] ML_BSSN: ML_BSSN_ADMBaseBoundaryScalar in CCTK_POSTINITIAL" (minimum)",""[0090] ML_BSSN: ML_BSSN_ADMBaseBoundaryScalar in CCTK_POSTINITIAL" (maximum)",""[0091] ML_BSSN: ML_BSSN_ADMBaseEverywhere in CCTK_POSTINITIAL" (average)",""[0091] ML_BSSN: ML_BSSN_ADMBaseEverywhere in CCTK_POSTINITIAL" (minimum)",""[0091] ML_BSSN: ML_BSSN_ADMBaseEverywhere in CCTK_POSTINITIAL" (maximum)",""[0092] ML_BSSN_Helper: ML_BSSN_ADMBase_SelectBCs in CCTK_POSTINITIAL" (average)",""[0092] ML_BSSN_Helper: ML_BSSN_ADMBase_SelectBCs in CCTK_POSTINITIAL" (minimum)",""[0092] ML_BSSN_Helper: ML_BSSN_ADMBase_SelectBCs in CCTK_POSTINITIAL" (maximum)",""[0093] TmunuBase: TmunuBase_ZeroTmunu in CCTK_POSTINITIAL" (average)",""[0093] TmunuBase: TmunuBase_ZeroTmunu in CCTK_POSTINITIAL" (minimum)",""[0093] TmunuBase: TmunuBase_ZeroTmunu in CCTK_POSTINITIAL" (maximum)",""[0094] ADMConstraints: ADMConstraints in CCTK_POSTINITIAL" (average)",""[0094] ADMConstraints: ADMConstraints in CCTK_POSTINITIAL" (minimum)",""[0094] ADMConstraints: ADMConstraints in CCTK_POSTINITIAL" (maximum)",""[0095] ADMConstraints: ADMConstraints_Boundaries in CCTK_POSTINITIAL" (average)",""[0095] ADMConstraints: ADMConstraints_Boundaries in CCTK_POSTINITIAL" (minimum)",""[0095] ADMConstraints: ADMConstraints_Boundaries in CCTK_POSTINITIAL" (maximum)",""[0096] ML_BSSN: ML_BSSN_ConstraintsEverywhere in CCTK_POSTINITIAL" (average)",""[0096] ML_BSSN: ML_BSSN_ConstraintsEverywhere in CCTK_POSTINITIAL" (minimum)",""[0096] ML_BSSN: ML_BSSN_ConstraintsEverywhere in CCTK_POSTINITIAL" (maximum)",""[0097] ML_BSSN: ML_BSSN_ConstraintsEverywhere_SelectBCs in CCTK_POSTINITIAL" (average)",""[0097] ML_BSSN: ML_BSSN_ConstraintsEverywhere_SelectBCs in CCTK_POSTINITIAL" (minimum)",""[0097] ML_BSSN: ML_BSSN_ConstraintsEverywhere_SelectBCs in CCTK_POSTINITIAL" (maximum)",""[0098] ML_BSSN: ML_BSSN_ConstraintsInterior in CCTK_POSTINITIAL" (average)",""[0098] ML_BSSN: ML_BSSN_ConstraintsInterior in CCTK_POSTINITIAL" (minimum)",""[0098] ML_BSSN: ML_BSSN_ConstraintsInterior in CCTK_POSTINITIAL" (maximum)",""[0099] ML_BSSN: ML_BSSN_ConstraintsInterior_SelectBCs in CCTK_POSTINITIAL" (average)",""[0099] ML_BSSN: ML_BSSN_ConstraintsInterior_SelectBCs in CCTK_POSTINITIAL" (minimum)",""[0099] ML_BSSN: ML_BSSN_ConstraintsInterior_SelectBCs in CCTK_POSTINITIAL" (maximum)",""[0100] ManyBH: ManyBH_cleanup in CCTK_POSTPOSTINITIAL" (average)",""[0100] ManyBH: ManyBH_cleanup in CCTK_POSTPOSTINITIAL" (minimum)",""[0100] ManyBH: ManyBH_cleanup in CCTK_POSTPOSTINITIAL" (maximum)",""[0101] CarpetIOHDF5: CarpetIOHDF5_InitialDataCheckpoint in CCTK_CPINITIAL" (average)",""[0101] CarpetIOHDF5: CarpetIOHDF5_InitialDataCheckpoint in CCTK_CPINITIAL" (minimum)",""[0101] CarpetIOHDF5: CarpetIOHDF5_InitialDataCheckpoint in CCTK_CPINITIAL" (maximum)",""[0102] CarpetLib: CarpetLib_printtimestats in CCTK_ANALYSIS" (average)",""[0102] CarpetLib: CarpetLib_printtimestats in CCTK_ANALYSIS" (minimum)",""[0102] CarpetLib: CarpetLib_printtimestats in CCTK_ANALYSIS" (maximum)",""[0103] CarpetLib: CarpetLib_printmemstats in CCTK_ANALYSIS" (average)",""[0103] CarpetLib: CarpetLib_printmemstats in CCTK_ANALYSIS" (minimum)",""[0103] CarpetLib: CarpetLib_printmemstats in CCTK_ANALYSIS" (maximum)",""[0104] LoopControl: lc_statistics_analysis in CCTK_ANALYSIS" (average)",""[0104] LoopControl: lc_statistics_analysis in CCTK_ANALYSIS" (minimum)",""[0104] LoopControl: lc_statistics_analysis in CCTK_ANALYSIS" (maximum)",""[0105] TimerReport: zzz_TimerReport_Output in CCTK_ANALYSIS" (average)",""[0105] TimerReport: zzz_TimerReport_Output in CCTK_ANALYSIS" (minimum)",""[0105] TimerReport: zzz_TimerReport_Output in CCTK_ANALYSIS" (maximum)",""main" (average)",""main" (minimum)",""main" (maximum)",""main/CarpetStartup" (average)",""main/CarpetStartup" (minimum)",""main/CarpetStartup" (maximum)",""main/CarpetStartup/AllocateGridHierarchy" (average)",""main/CarpetStartup/AllocateGridHierarchy" (minimum)",""main/CarpetStartup/AllocateGridHierarchy" (maximum)",""main/CarpetStartup/CarpetLib::dh::recompose" (average)",""main/CarpetStartup/CarpetLib::dh::recompose" (minimum)",""main/CarpetStartup/CarpetLib::dh::recompose" (maximum)",""main/CarpetStartup/CarpetLib::dh::regrid" (average)",""main/CarpetStartup/CarpetLib::dh::regrid" (minimum)",""main/CarpetStartup/CarpetLib::dh::regrid" (maximum)",""main/CarpetStartup/CarpetLib::gh::regrid" (average)",""main/CarpetStartup/CarpetLib::gh::regrid" (minimum)",""main/CarpetStartup/CarpetLib::gh::regrid" (maximum)",""main/CarpetStartup/CarpetLib::gh::regrid/CarpetLib::dh::regrid" (average)",""main/CarpetStartup/CarpetLib::gh::regrid/CarpetLib::dh::regrid" (minimum)",""main/CarpetStartup/CarpetLib::gh::regrid/CarpetLib::dh::regrid" (maximum)",""main/CarpetStartup/CarpetLib::gh::regrid/CarpetLib::dh::regrid/bcast_boxes" (average)",""main/CarpetStartup/CarpetLib::gh::regrid/CarpetLib::dh::regrid/bcast_boxes" (minimum)",""main/CarpetStartup/CarpetLib::gh::regrid/CarpetLib::dh::regrid/bcast_boxes" (maximum)",""main/CarpetStartup/CarpetLib::gh::regrid/CarpetLib::dh::regrid/bcast_comm" (average)",""main/CarpetStartup/CarpetLib::gh::regrid/CarpetLib::dh::regrid/bcast_comm" (minimum)",""main/CarpetStartup/CarpetLib::gh::regrid/CarpetLib::dh::regrid/bcast_comm" (maximum)",""main/CarpetStartup/CarpetLib::gh::regrid/CarpetLib::dh::regrid/bcast_comm/old2new_ref_prol" (average)",""main/CarpetStartup/CarpetLib::gh::regrid/CarpetLib::dh::regrid/bcast_comm/old2new_ref_prol" (minimum)",""main/CarpetStartup/CarpetLib::gh::regrid/CarpetLib::dh::regrid/bcast_comm/old2new_ref_prol" (maximum)",""main/CarpetStartup/CarpetLib::gh::regrid/CarpetLib::dh::regrid/bcast_comm/old2new_ref_prol/CarpetLib" (average)",""main/CarpetStartup/CarpetLib::gh::regrid/CarpetLib::dh::regrid/bcast_comm/old2new_ref_prol/CarpetLib" (minimum)",""main/CarpetStartup/CarpetLib::gh::regrid/CarpetLib::dh::regrid/bcast_comm/old2new_ref_prol/CarpetLib" (maximum)",""main/CarpetStartup/CarpetLib::gh::regrid/CarpetLib::dh::regrid/bcast_comm/old2new_sync" (average)",""main/CarpetStartup/CarpetLib::gh::regrid/CarpetLib::dh::regrid/bcast_comm/old2new_sync" (minimum)",""main/CarpetStartup/CarpetLib::gh::regrid/CarpetLib::dh::regrid/bcast_comm/old2new_sync" (maximum)",""main/CarpetStartup/CarpetLib::gh::regrid/CarpetLib::dh::regrid/bcast_comm/old2new_sync/CarpetLib::dh" (average)",""main/CarpetStartup/CarpetLib::gh::regrid/CarpetLib::dh::regrid/bcast_comm/old2new_sync/CarpetLib::dh" (minimum)",""main/CarpetStartup/CarpetLib::gh::regrid/CarpetLib::dh::regrid/bcast_comm/old2new_sync/CarpetLib::dh" (maximum)",""main/CarpetStartup/CarpetLib::gh::regrid/CarpetLib::dh::regrid/bcast_comm/ref_bnd_prol" (average)",""main/CarpetStartup/CarpetLib::gh::regrid/CarpetLib::dh::regrid/bcast_comm/ref_bnd_prol" (minimum)",""main/CarpetStartup/CarpetLib::gh::regrid/CarpetLib::dh::regrid/bcast_comm/ref_bnd_prol" (maximum)",""main/CarpetStartup/CarpetLib::gh::regrid/CarpetLib::dh::regrid/bcast_comm/ref_bnd_prol/CarpetLib::dh" (average)",""main/CarpetStartup/CarpetLib::gh::regrid/CarpetLib::dh::regrid/bcast_comm/ref_bnd_prol/CarpetLib::dh" (minimum)",""main/CarpetStartup/CarpetLib::gh::regrid/CarpetLib::dh::regrid/bcast_comm/ref_bnd_prol/CarpetLib::dh" (maximum)",""main/CarpetStartup/CarpetLib::gh::regrid/CarpetLib::dh::regrid/bcast_comm/ref_prol" (average)",""main/CarpetStartup/CarpetLib::gh::regrid/CarpetLib::dh::regrid/bcast_comm/ref_prol" (minimum)",""main/CarpetStartup/CarpetLib::gh::regrid/CarpetLib::dh::regrid/bcast_comm/ref_prol" (maximum)",""main/CarpetStartup/CarpetLib::gh::regrid/CarpetLib::dh::regrid/bcast_comm/ref_prol/CarpetLib::dh::bs" (average)",""main/CarpetStartup/CarpetLib::gh::regrid/CarpetLib::dh::regrid/bcast_comm/ref_prol/CarpetLib::dh::bs" (minimum)",""main/CarpetStartup/CarpetLib::gh::regrid/CarpetLib::dh::regrid/bcast_comm/ref_prol/CarpetLib::dh::bs" (maximum)",""main/CarpetStartup/CarpetLib::gh::regrid/CarpetLib::dh::regrid/bcast_comm/ref_refl_prol" (average)",""main/CarpetStartup/CarpetLib::gh::regrid/CarpetLib::dh::regrid/bcast_comm/ref_refl_prol" (minimum)",""main/CarpetStartup/CarpetLib::gh::regrid/CarpetLib::dh::regrid/bcast_comm/ref_refl_prol" (maximum)",""main/CarpetStartup/CarpetLib::gh::regrid/CarpetLib::dh::regrid/bcast_comm/ref_refl_prol/CarpetLib::d" (average)",""main/CarpetStartup/CarpetLib::gh::regrid/CarpetLib::dh::regrid/bcast_comm/ref_refl_prol/CarpetLib::d" (minimum)",""main/CarpetStartup/CarpetLib::gh::regrid/CarpetLib::dh::regrid/bcast_comm/ref_refl_prol/CarpetLib::d" (maximum)",""main/CarpetStartup/CarpetLib::gh::regrid/CarpetLib::dh::regrid/bcast_comm/sync" (average)",""main/CarpetStartup/CarpetLib::gh::regrid/CarpetLib::dh::regrid/bcast_comm/sync" (minimum)",""main/CarpetStartup/CarpetLib::gh::regrid/CarpetLib::dh::regrid/bcast_comm/sync" (maximum)",""main/CarpetStartup/CarpetLib::gh::regrid/CarpetLib::dh::regrid/bcast_comm/sync/CarpetLib::dh::bs1" (average)",""main/CarpetStartup/CarpetLib::gh::regrid/CarpetLib::dh::regrid/bcast_comm/sync/CarpetLib::dh::bs1" (minimum)",""main/CarpetStartup/CarpetLib::gh::regrid/CarpetLib::dh::regrid/bcast_comm/sync/CarpetLib::dh::bs1" (maximum)",""main/CarpetStartup/CarpetLib::gh::regrid/CarpetLib::dh::regrid/bcast_comm/sync/CarpetLib::dh::bs2" (average)",""main/CarpetStartup/CarpetLib::gh::regrid/CarpetLib::dh::regrid/bcast_comm/sync/CarpetLib::dh::bs2" (minimum)",""main/CarpetStartup/CarpetLib::gh::regrid/CarpetLib::dh::regrid/bcast_comm/sync/CarpetLib::dh::bs2" (maximum)",""main/CarpetStartup/CarpetLib::gh::regrid/CarpetLib::dh::regrid/bcast_comm/sync/CarpetLib::dh::bs3" (average)",""main/CarpetStartup/CarpetLib::gh::regrid/CarpetLib::dh::regrid/bcast_comm/sync/CarpetLib::dh::bs3" (minimum)",""main/CarpetStartup/CarpetLib::gh::regrid/CarpetLib::dh::regrid/bcast_comm/sync/CarpetLib::dh::bs3" (maximum)",""main/CarpetStartup/CarpetLib::gh::regrid/CarpetLib::dh::regrid/buffers" (average)",""main/CarpetStartup/CarpetLib::gh::regrid/CarpetLib::dh::regrid/buffers" (minimum)",""main/CarpetStartup/CarpetLib::gh::regrid/CarpetLib::dh::regrid/buffers" (maximum)",""main/CarpetStartup/CarpetLib::gh::regrid/CarpetLib::dh::regrid/comm" (average)",""main/CarpetStartup/CarpetLib::gh::regrid/CarpetLib::dh::regrid/comm" (minimum)",""main/CarpetStartup/CarpetLib::gh::regrid/CarpetLib::dh::regrid/comm" (maximum)",""main/CarpetStartup/CarpetLib::gh::regrid/CarpetLib::dh::regrid/comm/mgprol" (average)",""main/CarpetStartup/CarpetLib::gh::regrid/CarpetLib::dh::regrid/comm/mgprol" (minimum)",""main/CarpetStartup/CarpetLib::gh::regrid/CarpetLib::dh::regrid/comm/mgprol" (maximum)",""main/CarpetStartup/CarpetLib::gh::regrid/CarpetLib::dh::regrid/comm/mgrest" (average)",""main/CarpetStartup/CarpetLib::gh::regrid/CarpetLib::dh::regrid/comm/mgrest" (minimum)",""main/CarpetStartup/CarpetLib::gh::regrid/CarpetLib::dh::regrid/comm/mgrest" (maximum)",""main/CarpetStartup/CarpetLib::gh::regrid/CarpetLib::dh::regrid/comm/refbndprol" (average)",""main/CarpetStartup/CarpetLib::gh::regrid/CarpetLib::dh::regrid/comm/refbndprol" (minimum)",""main/CarpetStartup/CarpetLib::gh::regrid/CarpetLib::dh::regrid/comm/refbndprol" (maximum)",""main/CarpetStartup/CarpetLib::gh::regrid/CarpetLib::dh::regrid/comm/reflux" (average)",""main/CarpetStartup/CarpetLib::gh::regrid/CarpetLib::dh::regrid/comm/reflux" (minimum)",""main/CarpetStartup/CarpetLib::gh::regrid/CarpetLib::dh::regrid/comm/reflux" (maximum)",""main/CarpetStartup/CarpetLib::gh::regrid/CarpetLib::dh::regrid/comm/refprol" (average)",""main/CarpetStartup/CarpetLib::gh::regrid/CarpetLib::dh::regrid/comm/refprol" (minimum)",""main/CarpetStartup/CarpetLib::gh::regrid/CarpetLib::dh::regrid/comm/refprol" (maximum)",""main/CarpetStartup/CarpetLib::gh::regrid/CarpetLib::dh::regrid/comm/refrest" (average)",""main/CarpetStartup/CarpetLib::gh::regrid/CarpetLib::dh::regrid/comm/refrest" (minimum)",""main/CarpetStartup/CarpetLib::gh::regrid/CarpetLib::dh::regrid/comm/refrest" (maximum)",""main/CarpetStartup/CarpetLib::gh::regrid/CarpetLib::dh::regrid/comm/sync" (average)",""main/CarpetStartup/CarpetLib::gh::regrid/CarpetLib::dh::regrid/comm/sync" (minimum)",""main/CarpetStartup/CarpetLib::gh::regrid/CarpetLib::dh::regrid/comm/sync" (maximum)",""main/CarpetStartup/CarpetLib::gh::regrid/CarpetLib::dh::regrid/domain" (average)",""main/CarpetStartup/CarpetLib::gh::regrid/CarpetLib::dh::regrid/domain" (minimum)",""main/CarpetStartup/CarpetLib::gh::regrid/CarpetLib::dh::regrid/domain" (maximum)",""main/CarpetStartup/CarpetLib::gh::regrid/CarpetLib::dh::regrid/mask" (average)",""main/CarpetStartup/CarpetLib::gh::regrid/CarpetLib::dh::regrid/mask" (minimum)",""main/CarpetStartup/CarpetLib::gh::regrid/CarpetLib::dh::regrid/mask" (maximum)",""main/CarpetStartup/CarpetLib::gh::regrid/CarpetLib::dh::regrid/region" (average)",""main/CarpetStartup/CarpetLib::gh::regrid/CarpetLib::dh::regrid/region" (minimum)",""main/CarpetStartup/CarpetLib::gh::regrid/CarpetLib::dh::regrid/region" (maximum)",""main/CarpetStartup/CarpetLib::gh::regrid/CarpetLib::dh::regrid/test" (average)",""main/CarpetStartup/CarpetLib::gh::regrid/CarpetLib::dh::regrid/test" (minimum)",""main/CarpetStartup/CarpetLib::gh::regrid/CarpetLib::dh::regrid/test" (maximum)",""main/CarpetStartup/CarpetLib::gh::regrid/CarpetLib::dh::regrid/unusedpoints_mask" (average)",""main/CarpetStartup/CarpetLib::gh::regrid/CarpetLib::dh::regrid/unusedpoints_mask" (minimum)",""main/CarpetStartup/CarpetLib::gh::regrid/CarpetLib::dh::regrid/unusedpoints_mask" (maximum)",""main/CarpetStartup/CheckRegions" (average)",""main/CarpetStartup/CheckRegions" (minimum)",""main/CarpetStartup/CheckRegions" (maximum)",""main/Initialise" (average)",""main/Initialise" (minimum)",""main/Initialise" (maximum)",""main/Initialise/CallAnalysis" (average)",""main/Initialise/CallAnalysis" (minimum)",""main/Initialise/CallAnalysis" (maximum)",""main/Initialise/CallAnalysis/CCTK_ANALYSIS" (average)",""main/Initialise/CallAnalysis/CCTK_ANALYSIS" (minimum)",""main/Initialise/CallAnalysis/CCTK_ANALYSIS" (maximum)",""main/Initialise/CallAnalysis/CCTK_ANALYSIS/CallFunction" (average)",""main/Initialise/CallAnalysis/CCTK_ANALYSIS/CallFunction" (minimum)",""main/Initialise/CallAnalysis/CCTK_ANALYSIS/CallFunction" (maximum)",""main/Initialise/CallAnalysis/CCTK_ANALYSIS/CallFunction/thorns" (average)",""main/Initialise/CallAnalysis/CCTK_ANALYSIS/CallFunction/thorns" (minimum)",""main/Initialise/CallAnalysis/CCTK_ANALYSIS/CallFunction/thorns" (maximum)",""main/Initialise/CallAnalysis/CCTK_ANALYSIS/CallFunction/thorns/CarpetLib_printmemstats" (average)",""main/Initialise/CallAnalysis/CCTK_ANALYSIS/CallFunction/thorns/CarpetLib_printmemstats" (minimum)",""main/Initialise/CallAnalysis/CCTK_ANALYSIS/CallFunction/thorns/CarpetLib_printmemstats" (maximum)",""main/Initialise/CallAnalysis/CCTK_ANALYSIS/CallFunction/thorns/CarpetLib_printtimestats" (average)",""main/Initialise/CallAnalysis/CCTK_ANALYSIS/CallFunction/thorns/CarpetLib_printtimestats" (minimum)",""main/Initialise/CallAnalysis/CCTK_ANALYSIS/CallFunction/thorns/CarpetLib_printtimestats" (maximum)",""main/Initialise/CallAnalysis/CCTK_ANALYSIS/CallFunction/thorns/lc_statistics_analysis" (average)",""main/Initialise/CallAnalysis/CCTK_ANALYSIS/CallFunction/thorns/lc_statistics_analysis" (minimum)",""main/Initialise/CallAnalysis/CCTK_ANALYSIS/CallFunction/thorns/lc_statistics_analysis" (maximum)",""main/Initialise/CallAnalysis/CCTK_ANALYSIS/CallFunction/thorns/zzz_TimerReport_Output" (average)",""main/Initialise/CallAnalysis/CCTK_ANALYSIS/CallFunction/thorns/zzz_TimerReport_Output" (minimum)",""main/Initialise/CallAnalysis/CCTK_ANALYSIS/CallFunction/thorns/zzz_TimerReport_Output" (maximum)",""main/Initialise/CallAnalysis/CCTK_CPINITIAL" (average)",""main/Initialise/CallAnalysis/CCTK_CPINITIAL" (minimum)",""main/Initialise/CallAnalysis/CCTK_CPINITIAL" (maximum)",""main/Initialise/CallAnalysis/CCTK_CPINITIAL/CallFunction" (average)",""main/Initialise/CallAnalysis/CCTK_CPINITIAL/CallFunction" (minimum)",""main/Initialise/CallAnalysis/CCTK_CPINITIAL/CallFunction" (maximum)",""main/Initialise/CallAnalysis/CCTK_CPINITIAL/CallFunction/thorns" (average)",""main/Initialise/CallAnalysis/CCTK_CPINITIAL/CallFunction/thorns" (minimum)",""main/Initialise/CallAnalysis/CCTK_CPINITIAL/CallFunction/thorns" (maximum)",""main/Initialise/CallAnalysis/CCTK_CPINITIAL/CallFunction/thorns/CarpetIOHDF5_InitialDataCheckpoint" (average)",""main/Initialise/CallAnalysis/CCTK_CPINITIAL/CallFunction/thorns/CarpetIOHDF5_InitialDataCheckpoint" (minimum)",""main/Initialise/CallAnalysis/CCTK_CPINITIAL/CallFunction/thorns/CarpetIOHDF5_InitialDataCheckpoint" (maximum)",""main/Initialise/CallInitial" (average)",""main/Initialise/CallInitial" (minimum)",""main/Initialise/CallInitial" (maximum)",""main/Initialise/CallInitial/CCTK_BASEGRID" (average)",""main/Initialise/CallInitial/CCTK_BASEGRID" (minimum)",""main/Initialise/CallInitial/CCTK_BASEGRID" (maximum)",""main/Initialise/CallInitial/CCTK_BASEGRID/CallFunction" (average)",""main/Initialise/CallInitial/CCTK_BASEGRID/CallFunction" (minimum)",""main/Initialise/CallInitial/CCTK_BASEGRID/CallFunction" (maximum)",""main/Initialise/CallInitial/CCTK_BASEGRID/CallFunction/thorns" (average)",""main/Initialise/CallInitial/CCTK_BASEGRID/CallFunction/thorns" (minimum)",""main/Initialise/CallInitial/CCTK_BASEGRID/CallFunction/thorns" (maximum)",""main/Initialise/CallInitial/CCTK_BASEGRID/CallFunction/thorns/ADMBase_SetDtLapseStateOn" (average)",""main/Initialise/CallInitial/CCTK_BASEGRID/CallFunction/thorns/ADMBase_SetDtLapseStateOn" (minimum)",""main/Initialise/CallInitial/CCTK_BASEGRID/CallFunction/thorns/ADMBase_SetDtLapseStateOn" (maximum)",""main/Initialise/CallInitial/CCTK_BASEGRID/CallFunction/thorns/ADMBase_SetDtShiftStateOn" (average)",""main/Initialise/CallInitial/CCTK_BASEGRID/CallFunction/thorns/ADMBase_SetDtShiftStateOn" (minimum)",""main/Initialise/CallInitial/CCTK_BASEGRID/CallFunction/thorns/ADMBase_SetDtShiftStateOn" (maximum)",""main/Initialise/CallInitial/CCTK_BASEGRID/CallFunction/thorns/ADMBase_SetShiftStateOn" (average)",""main/Initialise/CallInitial/CCTK_BASEGRID/CallFunction/thorns/ADMBase_SetShiftStateOn" (minimum)",""main/Initialise/CallInitial/CCTK_BASEGRID/CallFunction/thorns/ADMBase_SetShiftStateOn" (maximum)",""main/Initialise/CallInitial/CCTK_BASEGRID/CallFunction/thorns/ADMMacros_SetLocalSpatialOrder" (average)",""main/Initialise/CallInitial/CCTK_BASEGRID/CallFunction/thorns/ADMMacros_SetLocalSpatialOrder" (minimum)",""main/Initialise/CallInitial/CCTK_BASEGRID/CallFunction/thorns/ADMMacros_SetLocalSpatialOrder" (maximum)",""main/Initialise/CallInitial/CCTK_BASEGRID/CallFunction/thorns/CarpetMaskSetup" (average)",""main/Initialise/CallInitial/CCTK_BASEGRID/CallFunction/thorns/CarpetMaskSetup" (minimum)",""main/Initialise/CallInitial/CCTK_BASEGRID/CallFunction/thorns/CarpetMaskSetup" (maximum)",""main/Initialise/CallInitial/CCTK_BASEGRID/CallFunction/thorns/CoordBase_SetupMask" (average)",""main/Initialise/CallInitial/CCTK_BASEGRID/CallFunction/thorns/CoordBase_SetupMask" (minimum)",""main/Initialise/CallInitial/CCTK_BASEGRID/CallFunction/thorns/CoordBase_SetupMask" (maximum)",""main/Initialise/CallInitial/CCTK_BASEGRID/CallFunction/thorns/ML_BSSN_CheckBoundaries" (average)",""main/Initialise/CallInitial/CCTK_BASEGRID/CallFunction/thorns/ML_BSSN_CheckBoundaries" (minimum)",""main/Initialise/CallInitial/CCTK_BASEGRID/CallFunction/thorns/ML_BSSN_CheckBoundaries" (maximum)",""main/Initialise/CallInitial/CCTK_BASEGRID/CallFunction/thorns/MaskBase_AllocateMask" (average)",""main/Initialise/CallInitial/CCTK_BASEGRID/CallFunction/thorns/MaskBase_AllocateMask" (minimum)",""main/Initialise/CallInitial/CCTK_BASEGRID/CallFunction/thorns/MaskBase_AllocateMask" (maximum)",""main/Initialise/CallInitial/CCTK_BASEGRID/CallFunction/thorns/MaskBase_InitMask" (average)",""main/Initialise/CallInitial/CCTK_BASEGRID/CallFunction/thorns/MaskBase_InitMask" (minimum)",""main/Initialise/CallInitial/CCTK_BASEGRID/CallFunction/thorns/MaskBase_InitMask" (maximum)",""main/Initialise/CallInitial/CCTK_BASEGRID/CallFunction/thorns/MaskBase_SetMask" (average)",""main/Initialise/CallInitial/CCTK_BASEGRID/CallFunction/thorns/MaskBase_SetMask" (minimum)",""main/Initialise/CallInitial/CCTK_BASEGRID/CallFunction/thorns/MaskBase_SetMask" (maximum)",""main/Initialise/CallInitial/CCTK_BASEGRID/CallFunction/thorns/MaskBase_TestMask" (average)",""main/Initialise/CallInitial/CCTK_BASEGRID/CallFunction/thorns/MaskBase_TestMask" (minimum)",""main/Initialise/CallInitial/CCTK_BASEGRID/CallFunction/thorns/MaskBase_TestMask" (maximum)",""main/Initialise/CallInitial/CCTK_BASEGRID/CallFunction/thorns/SpatialCoordinates" (average)",""main/Initialise/CallInitial/CCTK_BASEGRID/CallFunction/thorns/SpatialCoordinates" (minimum)",""main/Initialise/CallInitial/CCTK_BASEGRID/CallFunction/thorns/SpatialCoordinates" (maximum)",""main/Initialise/CallInitial/CCTK_BASEGRID/CallFunction/thorns/SpatialSpacings" (average)",""main/Initialise/CallInitial/CCTK_BASEGRID/CallFunction/thorns/SpatialSpacings" (minimum)",""main/Initialise/CallInitial/CCTK_BASEGRID/CallFunction/thorns/SpatialSpacings" (maximum)",""main/Initialise/CallInitial/CCTK_BASEGRID/CallFunction/thorns/SymBase_Check" (average)",""main/Initialise/CallInitial/CCTK_BASEGRID/CallFunction/thorns/SymBase_Check" (minimum)",""main/Initialise/CallInitial/CCTK_BASEGRID/CallFunction/thorns/SymBase_Check" (maximum)",""main/Initialise/CallInitial/CCTK_BASEGRID/CallFunction/thorns/TemporalSpacings" (average)",""main/Initialise/CallInitial/CCTK_BASEGRID/CallFunction/thorns/TemporalSpacings" (minimum)",""main/Initialise/CallInitial/CCTK_BASEGRID/CallFunction/thorns/TemporalSpacings" (maximum)",""main/Initialise/CallInitial/CCTK_BASEGRID/CallFunction/thorns/Time_Initialise" (average)",""main/Initialise/CallInitial/CCTK_BASEGRID/CallFunction/thorns/Time_Initialise" (minimum)",""main/Initialise/CallInitial/CCTK_BASEGRID/CallFunction/thorns/Time_Initialise" (maximum)",""main/Initialise/CallInitial/CCTK_BASEGRID/CarpetLib::ggf::recompose_allocate" (average)",""main/Initialise/CallInitial/CCTK_BASEGRID/CarpetLib::ggf::recompose_allocate" (minimum)",""main/Initialise/CallInitial/CCTK_BASEGRID/CarpetLib::ggf::recompose_allocate" (maximum)",""main/Initialise/CallInitial/CCTK_BASEGRID/CarpetLib::ggf::recompose_crop" (average)",""main/Initialise/CallInitial/CCTK_BASEGRID/CarpetLib::ggf::recompose_crop" (minimum)",""main/Initialise/CallInitial/CCTK_BASEGRID/CarpetLib::ggf::recompose_crop" (maximum)",""main/Initialise/CallInitial/CCTK_BASEGRID/dh::recompose_free_old" (average)",""main/Initialise/CallInitial/CCTK_BASEGRID/dh::recompose_free_old" (minimum)",""main/Initialise/CallInitial/CCTK_BASEGRID/dh::recompose_free_old" (maximum)",""main/Initialise/CallInitial/CCTK_INITIAL" (average)",""main/Initialise/CallInitial/CCTK_INITIAL" (minimum)",""main/Initialise/CallInitial/CCTK_INITIAL" (maximum)",""main/Initialise/CallInitial/CCTK_INITIAL/CallFunction" (average)",""main/Initialise/CallInitial/CCTK_INITIAL/CallFunction" (minimum)",""main/Initialise/CallInitial/CCTK_INITIAL/CallFunction" (maximum)",""main/Initialise/CallInitial/CCTK_INITIAL/CallFunction/syncs" (average)",""main/Initialise/CallInitial/CCTK_INITIAL/CallFunction/syncs" (minimum)",""main/Initialise/CallInitial/CCTK_INITIAL/CallFunction/syncs" (maximum)",""main/Initialise/CallInitial/CCTK_INITIAL/CallFunction/syncs/Prolongate" (average)",""main/Initialise/CallInitial/CCTK_INITIAL/CallFunction/syncs/Prolongate" (minimum)",""main/Initialise/CallInitial/CCTK_INITIAL/CallFunction/syncs/Prolongate" (maximum)",""main/Initialise/CallInitial/CCTK_INITIAL/CallFunction/syncs/Sync" (average)",""main/Initialise/CallInitial/CCTK_INITIAL/CallFunction/syncs/Sync" (minimum)",""main/Initialise/CallInitial/CCTK_INITIAL/CallFunction/syncs/Sync" (maximum)",""main/Initialise/CallInitial/CCTK_INITIAL/CallFunction/syncs/Sync/comm_state[0].create" (average)",""main/Initialise/CallInitial/CCTK_INITIAL/CallFunction/syncs/Sync/comm_state[0].create" (minimum)",""main/Initialise/CallInitial/CCTK_INITIAL/CallFunction/syncs/Sync/comm_state[0].create" (maximum)",""main/Initialise/CallInitial/CCTK_INITIAL/CallFunction/syncs/Sync/comm_state[1].state_get_buffer_size" (average)",""main/Initialise/CallInitial/CCTK_INITIAL/CallFunction/syncs/Sync/comm_state[1].state_get_buffer_size" (minimum)",""main/Initialise/CallInitial/CCTK_INITIAL/CallFunction/syncs/Sync/comm_state[1].state_get_buffer_size" (maximum)",""main/Initialise/CallInitial/CCTK_INITIAL/CallFunction/syncs/Sync/comm_state[2].state_get_buffer_size" (average)",""main/Initialise/CallInitial/CCTK_INITIAL/CallFunction/syncs/Sync/comm_state[2].state_get_buffer_size" (minimum)",""main/Initialise/CallInitial/CCTK_INITIAL/CallFunction/syncs/Sync/comm_state[2].state_get_buffer_size" (maximum)",""main/Initialise/CallInitial/CCTK_INITIAL/CallFunction/syncs/Sync/comm_state[3].state_fill_send_buffe" (average)",""main/Initialise/CallInitial/CCTK_INITIAL/CallFunction/syncs/Sync/comm_state[3].state_fill_send_buffe" (minimum)",""main/Initialise/CallInitial/CCTK_INITIAL/CallFunction/syncs/Sync/comm_state[3].state_fill_send_buffe" (maximum)",""main/Initialise/CallInitial/CCTK_INITIAL/CallFunction/syncs/Sync/comm_state[4].state_fill_send_buffe" (average)",""main/Initialise/CallInitial/CCTK_INITIAL/CallFunction/syncs/Sync/comm_state[4].state_fill_send_buffe" (minimum)",""main/Initialise/CallInitial/CCTK_INITIAL/CallFunction/syncs/Sync/comm_state[4].state_fill_send_buffe" (maximum)",""main/Initialise/CallInitial/CCTK_INITIAL/CallFunction/syncs/Sync/comm_state[5].state_do_some_work.us" (average)",""main/Initialise/CallInitial/CCTK_INITIAL/CallFunction/syncs/Sync/comm_state[5].state_do_some_work.us" (minimum)",""main/Initialise/CallInitial/CCTK_INITIAL/CallFunction/syncs/Sync/comm_state[5].state_do_some_work.us" (maximum)",""main/Initialise/CallInitial/CCTK_INITIAL/CallFunction/syncs/Sync/comm_state[6].state_do_some_work.st" (average)",""main/Initialise/CallInitial/CCTK_INITIAL/CallFunction/syncs/Sync/comm_state[6].state_do_some_work.st" (minimum)",""main/Initialise/CallInitial/CCTK_INITIAL/CallFunction/syncs/Sync/comm_state[6].state_do_some_work.st" (maximum)",""main/Initialise/CallInitial/CCTK_INITIAL/CallFunction/syncs/Sync/comm_state[7].state_empty_recv_buff" (average)",""main/Initialise/CallInitial/CCTK_INITIAL/CallFunction/syncs/Sync/comm_state[7].state_empty_recv_buff" (minimum)",""main/Initialise/CallInitial/CCTK_INITIAL/CallFunction/syncs/Sync/comm_state[7].state_empty_recv_buff" (maximum)",""main/Initialise/CallInitial/CCTK_INITIAL/CallFunction/syncs/Sync/comm_state[8].state_empty_recv_buff" (average)",""main/Initialise/CallInitial/CCTK_INITIAL/CallFunction/syncs/Sync/comm_state[8].state_empty_recv_buff" (minimum)",""main/Initialise/CallInitial/CCTK_INITIAL/CallFunction/syncs/Sync/comm_state[8].state_empty_recv_buff" (maximum)",""main/Initialise/CallInitial/CCTK_INITIAL/CallFunction/thorns" (average)",""main/Initialise/CallInitial/CCTK_INITIAL/CallFunction/thorns" (minimum)",""main/Initialise/CallInitial/CCTK_INITIAL/CallFunction/thorns" (maximum)",""main/Initialise/CallInitial/CCTK_INITIAL/CallFunction/thorns/ADMBase_DtLapseZero" (average)",""main/Initialise/CallInitial/CCTK_INITIAL/CallFunction/thorns/ADMBase_DtLapseZero" (minimum)",""main/Initialise/CallInitial/CCTK_INITIAL/CallFunction/thorns/ADMBase_DtLapseZero" (maximum)",""main/Initialise/CallInitial/CCTK_INITIAL/CallFunction/thorns/ADMBase_DtShiftZero" (average)",""main/Initialise/CallInitial/CCTK_INITIAL/CallFunction/thorns/ADMBase_DtShiftZero" (minimum)",""main/Initialise/CallInitial/CCTK_INITIAL/CallFunction/thorns/ADMBase_DtShiftZero" (maximum)",""main/Initialise/CallInitial/CCTK_INITIAL/CallFunction/thorns/ADMBase_LapseOne" (average)",""main/Initialise/CallInitial/CCTK_INITIAL/CallFunction/thorns/ADMBase_LapseOne" (minimum)",""main/Initialise/CallInitial/CCTK_INITIAL/CallFunction/thorns/ADMBase_LapseOne" (maximum)",""main/Initialise/CallInitial/CCTK_INITIAL/CallFunction/thorns/ADMBase_ShiftZero" (average)",""main/Initialise/CallInitial/CCTK_INITIAL/CallFunction/thorns/ADMBase_ShiftZero" (minimum)",""main/Initialise/CallInitial/CCTK_INITIAL/CallFunction/thorns/ADMBase_ShiftZero" (maximum)",""main/Initialise/CallInitial/CCTK_INITIAL/CallFunction/thorns/CarpetIOASCIIInit" (average)",""main/Initialise/CallInitial/CCTK_INITIAL/CallFunction/thorns/CarpetIOASCIIInit" (minimum)",""main/Initialise/CallInitial/CCTK_INITIAL/CallFunction/thorns/CarpetIOASCIIInit" (maximum)",""main/Initialise/CallInitial/CCTK_INITIAL/CallFunction/thorns/CarpetIOBasicInit" (average)",""main/Initialise/CallInitial/CCTK_INITIAL/CallFunction/thorns/CarpetIOBasicInit" (minimum)",""main/Initialise/CallInitial/CCTK_INITIAL/CallFunction/thorns/CarpetIOBasicInit" (maximum)",""main/Initialise/CallInitial/CCTK_INITIAL/CallFunction/thorns/CarpetIOHDF5_Init" (average)",""main/Initialise/CallInitial/CCTK_INITIAL/CallFunction/thorns/CarpetIOHDF5_Init" (minimum)",""main/Initialise/CallInitial/CCTK_INITIAL/CallFunction/thorns/CarpetIOHDF5_Init" (maximum)",""main/Initialise/CallInitial/CCTK_INITIAL/CallFunction/thorns/CarpetIOScalarInit" (average)",""main/Initialise/CallInitial/CCTK_INITIAL/CallFunction/thorns/CarpetIOScalarInit" (minimum)",""main/Initialise/CallInitial/CCTK_INITIAL/CallFunction/thorns/CarpetIOScalarInit" (maximum)",""main/Initialise/CallInitial/CCTK_INITIAL/CallFunction/thorns/ML_BSSN_InitialADMBase1Everywhere" (average)",""main/Initialise/CallInitial/CCTK_INITIAL/CallFunction/thorns/ML_BSSN_InitialADMBase1Everywhere" (minimum)",""main/Initialise/CallInitial/CCTK_INITIAL/CallFunction/thorns/ML_BSSN_InitialADMBase1Everywhere" (maximum)",""main/Initialise/CallInitial/CCTK_INITIAL/CallFunction/thorns/ML_BSSN_InitialADMBase2BoundaryScalar" (average)",""main/Initialise/CallInitial/CCTK_INITIAL/CallFunction/thorns/ML_BSSN_InitialADMBase2BoundaryScalar" (minimum)",""main/Initialise/CallInitial/CCTK_INITIAL/CallFunction/thorns/ML_BSSN_InitialADMBase2BoundaryScalar" (maximum)",""main/Initialise/CallInitial/CCTK_INITIAL/CallFunction/thorns/ML_BSSN_InitialADMBase2Interior" (average)",""main/Initialise/CallInitial/CCTK_INITIAL/CallFunction/thorns/ML_BSSN_InitialADMBase2Interior" (minimum)",""main/Initialise/CallInitial/CCTK_INITIAL/CallFunction/thorns/ML_BSSN_InitialADMBase2Interior" (maximum)",""main/Initialise/CallInitial/CCTK_INITIAL/CallFunction/thorns/ManyBH_initialdata" (average)",""main/Initialise/CallInitial/CCTK_INITIAL/CallFunction/thorns/ManyBH_initialdata" (minimum)",""main/Initialise/CallInitial/CCTK_INITIAL/CallFunction/thorns/ManyBH_initialdata" (maximum)",""main/Initialise/CallInitial/CCTK_INITIAL/CallFunction/thorns/MoL_StartLoop" (average)",""main/Initialise/CallInitial/CCTK_INITIAL/CallFunction/thorns/MoL_StartLoop" (minimum)",""main/Initialise/CallInitial/CCTK_INITIAL/CallFunction/thorns/MoL_StartLoop" (maximum)",""main/Initialise/CallInitial/CCTK_INITIAL/CallFunction/thorns/StaticConformal_InitialiseState" (average)",""main/Initialise/CallInitial/CCTK_INITIAL/CallFunction/thorns/StaticConformal_InitialiseState" (minimum)",""main/Initialise/CallInitial/CCTK_INITIAL/CallFunction/thorns/StaticConformal_InitialiseState" (maximum)",""main/Initialise/CallInitial/CCTK_INITIAL/CallFunction/thorns/TmunuBase_ZeroTmunu" (average)",""main/Initialise/CallInitial/CCTK_INITIAL/CallFunction/thorns/TmunuBase_ZeroTmunu" (minimum)",""main/Initialise/CallInitial/CCTK_INITIAL/CallFunction/thorns/TmunuBase_ZeroTmunu" (maximum)",""main/Initialise/CallInitial/CCTK_POSTINITIAL" (average)",""main/Initialise/CallInitial/CCTK_POSTINITIAL" (minimum)",""main/Initialise/CallInitial/CCTK_POSTINITIAL" (maximum)",""main/Initialise/CallInitial/CCTK_POSTINITIAL/CallFunction" (average)",""main/Initialise/CallInitial/CCTK_POSTINITIAL/CallFunction" (minimum)",""main/Initialise/CallInitial/CCTK_POSTINITIAL/CallFunction" (maximum)",""main/Initialise/CallInitial/CCTK_POSTINITIAL/CallFunction/syncs" (average)",""main/Initialise/CallInitial/CCTK_POSTINITIAL/CallFunction/syncs" (minimum)",""main/Initialise/CallInitial/CCTK_POSTINITIAL/CallFunction/syncs" (maximum)",""main/Initialise/CallInitial/CCTK_POSTINITIAL/CallFunction/syncs/Prolongate" (average)",""main/Initialise/CallInitial/CCTK_POSTINITIAL/CallFunction/syncs/Prolongate" (minimum)",""main/Initialise/CallInitial/CCTK_POSTINITIAL/CallFunction/syncs/Prolongate" (maximum)",""main/Initialise/CallInitial/CCTK_POSTINITIAL/CallFunction/syncs/Sync" (average)",""main/Initialise/CallInitial/CCTK_POSTINITIAL/CallFunction/syncs/Sync" (minimum)",""main/Initialise/CallInitial/CCTK_POSTINITIAL/CallFunction/syncs/Sync" (maximum)",""main/Initialise/CallInitial/CCTK_POSTINITIAL/CallFunction/syncs/Sync/comm_state[0].create" (average)",""main/Initialise/CallInitial/CCTK_POSTINITIAL/CallFunction/syncs/Sync/comm_state[0].create" (minimum)",""main/Initialise/CallInitial/CCTK_POSTINITIAL/CallFunction/syncs/Sync/comm_state[0].create" (maximum)",""main/Initialise/CallInitial/CCTK_POSTINITIAL/CallFunction/syncs/Sync/comm_state[1].state_get_buffer_" (average)",""main/Initialise/CallInitial/CCTK_POSTINITIAL/CallFunction/syncs/Sync/comm_state[1].state_get_buffer_" (minimum)",""main/Initialise/CallInitial/CCTK_POSTINITIAL/CallFunction/syncs/Sync/comm_state[1].state_get_buffer_" (maximum)",""main/Initialise/CallInitial/CCTK_POSTINITIAL/CallFunction/syncs/Sync/comm_state[2].state_get_buffer_" (average)",""main/Initialise/CallInitial/CCTK_POSTINITIAL/CallFunction/syncs/Sync/comm_state[2].state_get_buffer_" (minimum)",""main/Initialise/CallInitial/CCTK_POSTINITIAL/CallFunction/syncs/Sync/comm_state[2].state_get_buffer_" (maximum)",""main/Initialise/CallInitial/CCTK_POSTINITIAL/CallFunction/syncs/Sync/comm_state[3].state_fill_send_b" (average)",""main/Initialise/CallInitial/CCTK_POSTINITIAL/CallFunction/syncs/Sync/comm_state[3].state_fill_send_b" (minimum)",""main/Initialise/CallInitial/CCTK_POSTINITIAL/CallFunction/syncs/Sync/comm_state[3].state_fill_send_b" (maximum)",""main/Initialise/CallInitial/CCTK_POSTINITIAL/CallFunction/syncs/Sync/comm_state[4].state_fill_send_b" (average)",""main/Initialise/CallInitial/CCTK_POSTINITIAL/CallFunction/syncs/Sync/comm_state[4].state_fill_send_b" (minimum)",""main/Initialise/CallInitial/CCTK_POSTINITIAL/CallFunction/syncs/Sync/comm_state[4].state_fill_send_b" (maximum)",""main/Initialise/CallInitial/CCTK_POSTINITIAL/CallFunction/syncs/Sync/comm_state[5].state_do_some_wor" (average)",""main/Initialise/CallInitial/CCTK_POSTINITIAL/CallFunction/syncs/Sync/comm_state[5].state_do_some_wor" (minimum)",""main/Initialise/CallInitial/CCTK_POSTINITIAL/CallFunction/syncs/Sync/comm_state[5].state_do_some_wor" (maximum)",""main/Initialise/CallInitial/CCTK_POSTINITIAL/CallFunction/syncs/Sync/comm_state[6].state_do_some_wor" (average)",""main/Initialise/CallInitial/CCTK_POSTINITIAL/CallFunction/syncs/Sync/comm_state[6].state_do_some_wor" (minimum)",""main/Initialise/CallInitial/CCTK_POSTINITIAL/CallFunction/syncs/Sync/comm_state[6].state_do_some_wor" (maximum)",""main/Initialise/CallInitial/CCTK_POSTINITIAL/CallFunction/syncs/Sync/comm_state[7].state_empty_recv_" (average)",""main/Initialise/CallInitial/CCTK_POSTINITIAL/CallFunction/syncs/Sync/comm_state[7].state_empty_recv_" (minimum)",""main/Initialise/CallInitial/CCTK_POSTINITIAL/CallFunction/syncs/Sync/comm_state[7].state_empty_recv_" (maximum)",""main/Initialise/CallInitial/CCTK_POSTINITIAL/CallFunction/syncs/Sync/comm_state[8].state_empty_recv_" (average)",""main/Initialise/CallInitial/CCTK_POSTINITIAL/CallFunction/syncs/Sync/comm_state[8].state_empty_recv_" (minimum)",""main/Initialise/CallInitial/CCTK_POSTINITIAL/CallFunction/syncs/Sync/comm_state[8].state_empty_recv_" (maximum)",""main/Initialise/CallInitial/CCTK_POSTINITIAL/CallFunction/thorns" (average)",""main/Initialise/CallInitial/CCTK_POSTINITIAL/CallFunction/thorns" (minimum)",""main/Initialise/CallInitial/CCTK_POSTINITIAL/CallFunction/thorns" (maximum)",""main/Initialise/CallInitial/CCTK_POSTINITIAL/CallFunction/thorns/ADMBase_Boundaries" (average)",""main/Initialise/CallInitial/CCTK_POSTINITIAL/CallFunction/thorns/ADMBase_Boundaries" (minimum)",""main/Initialise/CallInitial/CCTK_POSTINITIAL/CallFunction/thorns/ADMBase_Boundaries" (maximum)",""main/Initialise/CallInitial/CCTK_POSTINITIAL/CallFunction/thorns/ADMConstraints" (average)",""main/Initialise/CallInitial/CCTK_POSTINITIAL/CallFunction/thorns/ADMConstraints" (minimum)",""main/Initialise/CallInitial/CCTK_POSTINITIAL/CallFunction/thorns/ADMConstraints" (maximum)",""main/Initialise/CallInitial/CCTK_POSTINITIAL/CallFunction/thorns/ADMConstraints_Boundaries" (average)",""main/Initialise/CallInitial/CCTK_POSTINITIAL/CallFunction/thorns/ADMConstraints_Boundaries" (minimum)",""main/Initialise/CallInitial/CCTK_POSTINITIAL/CallFunction/thorns/ADMConstraints_Boundaries" (maximum)",""main/Initialise/CallInitial/CCTK_POSTINITIAL/CallFunction/thorns/Boundary_ApplyPhysicalBCs" (average)",""main/Initialise/CallInitial/CCTK_POSTINITIAL/CallFunction/thorns/Boundary_ApplyPhysicalBCs" (minimum)",""main/Initialise/CallInitial/CCTK_POSTINITIAL/CallFunction/thorns/Boundary_ApplyPhysicalBCs" (maximum)",""main/Initialise/CallInitial/CCTK_POSTINITIAL/CallFunction/thorns/Boundary_ClearSelection" (average)",""main/Initialise/CallInitial/CCTK_POSTINITIAL/CallFunction/thorns/Boundary_ClearSelection" (minimum)",""main/Initialise/CallInitial/CCTK_POSTINITIAL/CallFunction/thorns/Boundary_ClearSelection" (maximum)",""main/Initialise/CallInitial/CCTK_POSTINITIAL/CallFunction/thorns/CarpetIOHDF5_CloseFiles" (average)",""main/Initialise/CallInitial/CCTK_POSTINITIAL/CallFunction/thorns/CarpetIOHDF5_CloseFiles" (minimum)",""main/Initialise/CallInitial/CCTK_POSTINITIAL/CallFunction/thorns/CarpetIOHDF5_CloseFiles" (maximum)",""main/Initialise/CallInitial/CCTK_POSTINITIAL/CallFunction/thorns/CartGrid3D_ApplyBC" (average)",""main/Initialise/CallInitial/CCTK_POSTINITIAL/CallFunction/thorns/CartGrid3D_ApplyBC" (minimum)",""main/Initialise/CallInitial/CCTK_POSTINITIAL/CallFunction/thorns/CartGrid3D_ApplyBC" (maximum)",""main/Initialise/CallInitial/CCTK_POSTINITIAL/CallFunction/thorns/ML_BSSN_ADMBaseBoundaryScalar" (average)",""main/Initialise/CallInitial/CCTK_POSTINITIAL/CallFunction/thorns/ML_BSSN_ADMBaseBoundaryScalar" (minimum)",""main/Initialise/CallInitial/CCTK_POSTINITIAL/CallFunction/thorns/ML_BSSN_ADMBaseBoundaryScalar" (maximum)",""main/Initialise/CallInitial/CCTK_POSTINITIAL/CallFunction/thorns/ML_BSSN_ADMBaseEverywhere" (average)",""main/Initialise/CallInitial/CCTK_POSTINITIAL/CallFunction/thorns/ML_BSSN_ADMBaseEverywhere" (minimum)",""main/Initialise/CallInitial/CCTK_POSTINITIAL/CallFunction/thorns/ML_BSSN_ADMBaseEverywhere" (maximum)",""main/Initialise/CallInitial/CCTK_POSTINITIAL/CallFunction/thorns/ML_BSSN_ADMBaseInterior" (average)",""main/Initialise/CallInitial/CCTK_POSTINITIAL/CallFunction/thorns/ML_BSSN_ADMBaseInterior" (minimum)",""main/Initialise/CallInitial/CCTK_POSTINITIAL/CallFunction/thorns/ML_BSSN_ADMBaseInterior" (maximum)",""main/Initialise/CallInitial/CCTK_POSTINITIAL/CallFunction/thorns/ML_BSSN_ADMBase_SelectBCs" (average)",""main/Initialise/CallInitial/CCTK_POSTINITIAL/CallFunction/thorns/ML_BSSN_ADMBase_SelectBCs" (minimum)",""main/Initialise/CallInitial/CCTK_POSTINITIAL/CallFunction/thorns/ML_BSSN_ADMBase_SelectBCs" (maximum)",""main/Initialise/CallInitial/CCTK_POSTINITIAL/CallFunction/thorns/ML_BSSN_ConstraintsEverywhere" (average)",""main/Initialise/CallInitial/CCTK_POSTINITIAL/CallFunction/thorns/ML_BSSN_ConstraintsEverywhere" (minimum)",""main/Initialise/CallInitial/CCTK_POSTINITIAL/CallFunction/thorns/ML_BSSN_ConstraintsEverywhere" (maximum)",""main/Initialise/CallInitial/CCTK_POSTINITIAL/CallFunction/thorns/ML_BSSN_ConstraintsEverywhere_Selec" (average)",""main/Initialise/CallInitial/CCTK_POSTINITIAL/CallFunction/thorns/ML_BSSN_ConstraintsEverywhere_Selec" (minimum)",""main/Initialise/CallInitial/CCTK_POSTINITIAL/CallFunction/thorns/ML_BSSN_ConstraintsEverywhere_Selec" (maximum)",""main/Initialise/CallInitial/CCTK_POSTINITIAL/CallFunction/thorns/ML_BSSN_ConstraintsInterior" (average)",""main/Initialise/CallInitial/CCTK_POSTINITIAL/CallFunction/thorns/ML_BSSN_ConstraintsInterior" (minimum)",""main/Initialise/CallInitial/CCTK_POSTINITIAL/CallFunction/thorns/ML_BSSN_ConstraintsInterior" (maximum)",""main/Initialise/CallInitial/CCTK_POSTINITIAL/CallFunction/thorns/ML_BSSN_ConstraintsInterior_SelectB" (average)",""main/Initialise/CallInitial/CCTK_POSTINITIAL/CallFunction/thorns/ML_BSSN_ConstraintsInterior_SelectB" (minimum)",""main/Initialise/CallInitial/CCTK_POSTINITIAL/CallFunction/thorns/ML_BSSN_ConstraintsInterior_SelectB" (maximum)",""main/Initialise/CallInitial/CCTK_POSTINITIAL/CallFunction/thorns/ML_BSSN_EnforceEverywhere" (average)",""main/Initialise/CallInitial/CCTK_POSTINITIAL/CallFunction/thorns/ML_BSSN_EnforceEverywhere" (minimum)",""main/Initialise/CallInitial/CCTK_POSTINITIAL/CallFunction/thorns/ML_BSSN_EnforceEverywhere" (maximum)",""main/Initialise/CallInitial/CCTK_POSTINITIAL/CallFunction/thorns/ML_BSSN_SelectBoundConds" (average)",""main/Initialise/CallInitial/CCTK_POSTINITIAL/CallFunction/thorns/ML_BSSN_SelectBoundConds" (minimum)",""main/Initialise/CallInitial/CCTK_POSTINITIAL/CallFunction/thorns/ML_BSSN_SelectBoundConds" (maximum)",""main/Initialise/CallInitial/CCTK_POSTINITIAL/CallFunction/thorns/TmunuBase_ZeroTmunu" (average)",""main/Initialise/CallInitial/CCTK_POSTINITIAL/CallFunction/thorns/TmunuBase_ZeroTmunu" (minimum)",""main/Initialise/CallInitial/CCTK_POSTINITIAL/CallFunction/thorns/TmunuBase_ZeroTmunu" (maximum)",""main/Initialise/CallInitial/CallRegridInitialMeta" (average)",""main/Initialise/CallInitial/CallRegridInitialMeta" (minimum)",""main/Initialise/CallInitial/CallRegridInitialMeta" (maximum)",""main/Initialise/CallInitial/CallRegridInitialMeta/CCTK_PREREGRIDINITIAL" (average)",""main/Initialise/CallInitial/CallRegridInitialMeta/CCTK_PREREGRIDINITIAL" (minimum)",""main/Initialise/CallInitial/CallRegridInitialMeta/CCTK_PREREGRIDINITIAL" (maximum)",""main/Initialise/CallInitial/CallRegridInitialMeta/Regrid" (average)",""main/Initialise/CallInitial/CallRegridInitialMeta/Regrid" (minimum)",""main/Initialise/CallInitial/CallRegridInitialMeta/Regrid" (maximum)",""main/Initialise/CallInitial/CallRegridInitialMeta/RegridFree" (average)",""main/Initialise/CallInitial/CallRegridInitialMeta/RegridFree" (minimum)",""main/Initialise/CallInitial/CallRegridInitialMeta/RegridFree" (maximum)",""main/Initialise/CallInitial/Poison" (average)",""main/Initialise/CallInitial/Poison" (minimum)",""main/Initialise/CallInitial/Poison" (maximum)",""main/Initialise/CallPostInitial" (average)",""main/Initialise/CallPostInitial" (minimum)",""main/Initialise/CallPostInitial" (maximum)",""main/Initialise/CallPostInitial/CCTK_POSTPOSTINITIAL" (average)",""main/Initialise/CallPostInitial/CCTK_POSTPOSTINITIAL" (minimum)",""main/Initialise/CallPostInitial/CCTK_POSTPOSTINITIAL" (maximum)",""main/Initialise/CallPostInitial/CCTK_POSTPOSTINITIAL/CallFunction" (average)",""main/Initialise/CallPostInitial/CCTK_POSTPOSTINITIAL/CallFunction" (minimum)",""main/Initialise/CallPostInitial/CCTK_POSTPOSTINITIAL/CallFunction" (maximum)",""main/Initialise/CallPostInitial/CCTK_POSTPOSTINITIAL/CallFunction/thorns" (average)",""main/Initialise/CallPostInitial/CCTK_POSTPOSTINITIAL/CallFunction/thorns" (minimum)",""main/Initialise/CallPostInitial/CCTK_POSTPOSTINITIAL/CallFunction/thorns" (maximum)",""main/Initialise/CallPostInitial/CCTK_POSTPOSTINITIAL/CallFunction/thorns/ManyBH_cleanup" (average)",""main/Initialise/CallPostInitial/CCTK_POSTPOSTINITIAL/CallFunction/thorns/ManyBH_cleanup" (minimum)",""main/Initialise/CallPostInitial/CCTK_POSTPOSTINITIAL/CallFunction/thorns/ManyBH_cleanup" (maximum)",""main/Initialise/CallPostInitial/CCTK_POSTSTEP" (average)",""main/Initialise/CallPostInitial/CCTK_POSTSTEP" (minimum)",""main/Initialise/CallPostInitial/CCTK_POSTSTEP" (maximum)",""main/Initialise/CallRestrict" (average)",""main/Initialise/CallRestrict" (minimum)",""main/Initialise/CallRestrict" (maximum)",""main/Initialise/CallSetup" (average)",""main/Initialise/CallSetup" (minimum)",""main/Initialise/CallSetup" (maximum)",""main/Initialise/CallSetup/CCTK_PARAMCHECK" (average)",""main/Initialise/CallSetup/CCTK_PARAMCHECK" (minimum)",""main/Initialise/CallSetup/CCTK_PARAMCHECK" (maximum)",""main/Initialise/CallSetup/CCTK_PARAMCHECK/CallFunction" (average)",""main/Initialise/CallSetup/CCTK_PARAMCHECK/CallFunction" (minimum)",""main/Initialise/CallSetup/CCTK_PARAMCHECK/CallFunction" (maximum)",""main/Initialise/CallSetup/CCTK_PARAMCHECK/CallFunction/thorns" (average)",""main/Initialise/CallSetup/CCTK_PARAMCHECK/CallFunction/thorns" (minimum)",""main/Initialise/CallSetup/CCTK_PARAMCHECK/CallFunction/thorns" (maximum)",""main/Initialise/CallSetup/CCTK_PARAMCHECK/CallFunction/thorns/ADMBase_ParamCheck" (average)",""main/Initialise/CallSetup/CCTK_PARAMCHECK/CallFunction/thorns/ADMBase_ParamCheck" (minimum)",""main/Initialise/CallSetup/CCTK_PARAMCHECK/CallFunction/thorns/ADMBase_ParamCheck" (maximum)",""main/Initialise/CallSetup/CCTK_PARAMCHECK/CallFunction/thorns/ADMConstraints_ParamCheck" (average)",""main/Initialise/CallSetup/CCTK_PARAMCHECK/CallFunction/thorns/ADMConstraints_ParamCheck" (minimum)",""main/Initialise/CallSetup/CCTK_PARAMCHECK/CallFunction/thorns/ADMConstraints_ParamCheck" (maximum)",""main/Initialise/CallSetup/CCTK_PARAMCHECK/CallFunction/thorns/Boundary_Check" (average)",""main/Initialise/CallSetup/CCTK_PARAMCHECK/CallFunction/thorns/Boundary_Check" (minimum)",""main/Initialise/CallSetup/CCTK_PARAMCHECK/CallFunction/thorns/Boundary_Check" (maximum)",""main/Initialise/CallSetup/CCTK_PARAMCHECK/CallFunction/thorns/CarpetLib_test_prolongate_3d_rf2" (average)",""main/Initialise/CallSetup/CCTK_PARAMCHECK/CallFunction/thorns/CarpetLib_test_prolongate_3d_rf2" (minimum)",""main/Initialise/CallSetup/CCTK_PARAMCHECK/CallFunction/thorns/CarpetLib_test_prolongate_3d_rf2" (maximum)",""main/Initialise/CallSetup/CCTK_PARAMCHECK/CallFunction/thorns/CarpetParamCheck" (average)",""main/Initialise/CallSetup/CCTK_PARAMCHECK/CallFunction/thorns/CarpetParamCheck" (minimum)",""main/Initialise/CallSetup/CCTK_PARAMCHECK/CallFunction/thorns/CarpetParamCheck" (maximum)",""main/Initialise/CallSetup/CCTK_PARAMCHECK/CallFunction/thorns/CheckFortranParameters" (average)",""main/Initialise/CallSetup/CCTK_PARAMCHECK/CallFunction/thorns/CheckFortranParameters" (minimum)",""main/Initialise/CallSetup/CCTK_PARAMCHECK/CallFunction/thorns/CheckFortranParameters" (maximum)",""main/Initialise/CallSetup/CCTK_PARAMCHECK/CallFunction/thorns/ML_BSSN_ParamCheck" (average)",""main/Initialise/CallSetup/CCTK_PARAMCHECK/CallFunction/thorns/ML_BSSN_ParamCheck" (minimum)",""main/Initialise/CallSetup/CCTK_PARAMCHECK/CallFunction/thorns/ML_BSSN_ParamCheck" (maximum)",""main/Initialise/CallSetup/CCTK_PARAMCHECK/CallFunction/thorns/MoL_ParamCheck" (average)",""main/Initialise/CallSetup/CCTK_PARAMCHECK/CallFunction/thorns/MoL_ParamCheck" (minimum)",""main/Initialise/CallSetup/CCTK_PARAMCHECK/CallFunction/thorns/MoL_ParamCheck" (maximum)",""main/Initialise/CallSetup/CCTK_PARAMCHECK/CallFunction/thorns/ParamCheck_CartGrid3D" (average)",""main/Initialise/CallSetup/CCTK_PARAMCHECK/CallFunction/thorns/ParamCheck_CartGrid3D" (minimum)",""main/Initialise/CallSetup/CCTK_PARAMCHECK/CallFunction/thorns/ParamCheck_CartGrid3D" (maximum)",""main/Initialise/CallSetup/CCTK_PARAMCHECK/CallFunction/thorns/Vectors_Test" (average)",""main/Initialise/CallSetup/CCTK_PARAMCHECK/CallFunction/thorns/Vectors_Test" (minimum)",""main/Initialise/CallSetup/CCTK_PARAMCHECK/CallFunction/thorns/Vectors_Test" (maximum)",""main/Initialise/CallSetup/CCTK_WRAGH" (average)",""main/Initialise/CallSetup/CCTK_WRAGH" (minimum)",""main/Initialise/CallSetup/CCTK_WRAGH" (maximum)",""main/Initialise/CallSetup/CCTK_WRAGH/CallFunction" (average)",""main/Initialise/CallSetup/CCTK_WRAGH/CallFunction" (minimum)",""main/Initialise/CallSetup/CCTK_WRAGH/CallFunction" (maximum)",""main/Initialise/CallSetup/CCTK_WRAGH/CallFunction/thorns" (average)",""main/Initialise/CallSetup/CCTK_WRAGH/CallFunction/thorns" (minimum)",""main/Initialise/CallSetup/CCTK_WRAGH/CallFunction/thorns" (maximum)",""main/Initialise/CallSetup/CCTK_WRAGH/CallFunction/thorns/ADMConstraint_InitSymBound" (average)",""main/Initialise/CallSetup/CCTK_WRAGH/CallFunction/thorns/ADMConstraint_InitSymBound" (minimum)",""main/Initialise/CallSetup/CCTK_WRAGH/CallFunction/thorns/ADMConstraint_InitSymBound" (maximum)",""main/Initialise/CallSetup/CCTK_WRAGH/CallFunction/thorns/Boundary_RegisterBCs" (average)",""main/Initialise/CallSetup/CCTK_WRAGH/CallFunction/thorns/Boundary_RegisterBCs" (minimum)",""main/Initialise/CallSetup/CCTK_WRAGH/CallFunction/thorns/Boundary_RegisterBCs" (maximum)",""main/Initialise/CallSetup/CCTK_WRAGH/CallFunction/thorns/Einstein_ActivateSlicing" (average)",""main/Initialise/CallSetup/CCTK_WRAGH/CallFunction/thorns/Einstein_ActivateSlicing" (minimum)",""main/Initialise/CallSetup/CCTK_WRAGH/CallFunction/thorns/Einstein_ActivateSlicing" (maximum)",""main/Initialise/CallSetup/CCTK_WRAGH/CallFunction/thorns/Einstein_InitSymBound" (average)",""main/Initialise/CallSetup/CCTK_WRAGH/CallFunction/thorns/Einstein_InitSymBound" (minimum)",""main/Initialise/CallSetup/CCTK_WRAGH/CallFunction/thorns/Einstein_InitSymBound" (maximum)",""main/Initialise/CallSetup/CCTK_WRAGH/CallFunction/thorns/Einstein_SetNextSlicing" (average)",""main/Initialise/CallSetup/CCTK_WRAGH/CallFunction/thorns/Einstein_SetNextSlicing" (minimum)",""main/Initialise/CallSetup/CCTK_WRAGH/CallFunction/thorns/Einstein_SetNextSlicing" (maximum)",""main/Initialise/CallSetup/CCTK_WRAGH/CallFunction/thorns/ML_BSSN_ParamCompat" (average)",""main/Initialise/CallSetup/CCTK_WRAGH/CallFunction/thorns/ML_BSSN_ParamCompat" (minimum)",""main/Initialise/CallSetup/CCTK_WRAGH/CallFunction/thorns/ML_BSSN_ParamCompat" (maximum)",""main/Initialise/CallSetup/CCTK_WRAGH/CallFunction/thorns/ML_BSSN_RegisterConstrained" (average)",""main/Initialise/CallSetup/CCTK_WRAGH/CallFunction/thorns/ML_BSSN_RegisterConstrained" (minimum)",""main/Initialise/CallSetup/CCTK_WRAGH/CallFunction/thorns/ML_BSSN_RegisterConstrained" (maximum)",""main/Initialise/CallSetup/CCTK_WRAGH/CallFunction/thorns/ML_BSSN_RegisterSymmetries" (average)",""main/Initialise/CallSetup/CCTK_WRAGH/CallFunction/thorns/ML_BSSN_RegisterSymmetries" (minimum)",""main/Initialise/CallSetup/CCTK_WRAGH/CallFunction/thorns/ML_BSSN_RegisterSymmetries" (maximum)",""main/Initialise/CallSetup/CCTK_WRAGH/CallFunction/thorns/ML_BSSN_RegisterVars" (average)",""main/Initialise/CallSetup/CCTK_WRAGH/CallFunction/thorns/ML_BSSN_RegisterVars" (minimum)",""main/Initialise/CallSetup/CCTK_WRAGH/CallFunction/thorns/ML_BSSN_RegisterVars" (maximum)",""main/Initialise/CallSetup/CCTK_WRAGH/CallFunction/thorns/ManyBH_spectralinit" (average)",""main/Initialise/CallSetup/CCTK_WRAGH/CallFunction/thorns/ManyBH_spectralinit" (minimum)",""main/Initialise/CallSetup/CCTK_WRAGH/CallFunction/thorns/ManyBH_spectralinit" (maximum)",""main/Initialise/CallSetup/CCTK_WRAGH/CallFunction/thorns/MoL_ReportNumberVariables" (average)",""main/Initialise/CallSetup/CCTK_WRAGH/CallFunction/thorns/MoL_ReportNumberVariables" (minimum)",""main/Initialise/CallSetup/CCTK_WRAGH/CallFunction/thorns/MoL_ReportNumberVariables" (maximum)",""main/Initialise/CallSetup/CCTK_WRAGH/CallFunction/thorns/MoL_SetScheduleStatus" (average)",""main/Initialise/CallSetup/CCTK_WRAGH/CallFunction/thorns/MoL_SetScheduleStatus" (minimum)",""main/Initialise/CallSetup/CCTK_WRAGH/CallFunction/thorns/MoL_SetScheduleStatus" (maximum)",""main/Initialise/CallSetup/CCTK_WRAGH/CallFunction/thorns/MoL_SetupIndexArrays" (average)",""main/Initialise/CallSetup/CCTK_WRAGH/CallFunction/thorns/MoL_SetupIndexArrays" (minimum)",""main/Initialise/CallSetup/CCTK_WRAGH/CallFunction/thorns/MoL_SetupIndexArrays" (maximum)",""main/Initialise/CallSetup/CCTK_WRAGH/CallFunction/thorns/RegisterCartGrid3DCoords" (average)",""main/Initialise/CallSetup/CCTK_WRAGH/CallFunction/thorns/RegisterCartGrid3DCoords" (minimum)",""main/Initialise/CallSetup/CCTK_WRAGH/CallFunction/thorns/RegisterCartGrid3DCoords" (maximum)",""main/Initialise/CallSetup/CCTK_WRAGH/CallFunction/thorns/RegisterSymmetryBoundaries" (average)",""main/Initialise/CallSetup/CCTK_WRAGH/CallFunction/thorns/RegisterSymmetryBoundaries" (minimum)",""main/Initialise/CallSetup/CCTK_WRAGH/CallFunction/thorns/RegisterSymmetryBoundaries" (maximum)",""main/Initialise/CallSetup/CCTK_WRAGH/CallFunction/thorns/Slab_InitTimers" (average)",""main/Initialise/CallSetup/CCTK_WRAGH/CallFunction/thorns/Slab_InitTimers" (minimum)",""main/Initialise/CallSetup/CCTK_WRAGH/CallFunction/thorns/Slab_InitTimers" (maximum)",""main/Initialise/CallSetup/CCTK_WRAGH/CallFunction/thorns/SymBase_Statistics" (average)",""main/Initialise/CallSetup/CCTK_WRAGH/CallFunction/thorns/SymBase_Statistics" (minimum)",""main/Initialise/CallSetup/CCTK_WRAGH/CallFunction/thorns/SymBase_Statistics" (maximum)",""main/Initialise/CallSetup/CCTK_WRAGH/CallFunction/thorns/TmunuBase_SetStressEnergyState" (average)",""main/Initialise/CallSetup/CCTK_WRAGH/CallFunction/thorns/TmunuBase_SetStressEnergyState" (minimum)",""main/Initialise/CallSetup/CCTK_WRAGH/CallFunction/thorns/TmunuBase_SetStressEnergyState" (maximum)",""main/Initialise/CallSetup/Poison" (average)",""main/Initialise/CallSetup/Poison" (minimum)",""main/Initialise/CallSetup/Poison" (maximum)",""main/Initialise/CarpetLib::ggf::recompose_allocate" (average)",""main/Initialise/CarpetLib::ggf::recompose_allocate" (minimum)",""main/Initialise/CarpetLib::ggf::recompose_allocate" (maximum)",""main/Initialise/CarpetLib::ggf::recompose_crop" (average)",""main/Initialise/CarpetLib::ggf::recompose_crop" (minimum)",""main/Initialise/CarpetLib::ggf::recompose_crop" (maximum)",""main/Initialise/dh::recompose_free_old" (average)",""main/Initialise/dh::recompose_free_old" (minimum)",""main/Initialise/dh::recompose_free_old" (maximum)",""meta mode" (average)",""meta mode" (minimum)",""meta mode" (maximum)",""meta mode/meta mode" (average)",""meta mode/meta mode" (minimum)",""meta mode/meta mode" (maximum)",""meta mode/meta mode/enter_global_mode" (average)",""meta mode/meta mode/enter_global_mode" (minimum)",""meta mode/meta mode/enter_global_mode" (maximum)",""meta mode/meta mode/global mode" (average)",""meta mode/meta mode/global mode" (minimum)",""meta mode/meta mode/global mode" (maximum)",""meta mode/meta mode/global mode/enter_level_mode" (average)",""meta mode/meta mode/global mode/enter_level_mode" (minimum)",""meta mode/meta mode/global mode/enter_level_mode" (maximum)",""meta mode/meta mode/global mode/leave_level_mode" (average)",""meta mode/meta mode/global mode/leave_level_mode" (minimum)",""meta mode/meta mode/global mode/leave_level_mode" (maximum)",""meta mode/meta mode/global mode/level(0)" (average)",""meta mode/meta mode/global mode/level(0)" (minimum)",""meta mode/meta mode/global mode/level(0)" (maximum)",""meta mode/meta mode/global mode/level(0)/enter_local_mode" (average)",""meta mode/meta mode/global mode/level(0)/enter_local_mode" (minimum)",""meta mode/meta mode/global mode/level(0)/enter_local_mode" (maximum)",""meta mode/meta mode/global mode/level(0)/enter_singlemap_mode" (average)",""meta mode/meta mode/global mode/level(0)/enter_singlemap_mode" (minimum)",""meta mode/meta mode/global mode/level(0)/enter_singlemap_mode" (maximum)",""meta mode/meta mode/global mode/level(0)/leave_local_mode" (average)",""meta mode/meta mode/global mode/level(0)/leave_local_mode" (minimum)",""meta mode/meta mode/global mode/level(0)/leave_local_mode" (maximum)",""meta mode/meta mode/global mode/level(0)/leave_singlemap_mode" (average)",""meta mode/meta mode/global mode/level(0)/leave_singlemap_mode" (minimum)",""meta mode/meta mode/global mode/level(0)/leave_singlemap_mode" (maximum)",""meta mode/meta mode/leave_global_mode" (average)",""meta mode/meta mode/leave_global_mode" (minimum)",""meta mode/meta mode/leave_global_mode" (maximum)"
0,0,15.279983,15.279983,15.279983,0,0,0,0,0,0,0,0,0,0,0,0,0,0,0,0,0,0,0,0,0,0,0,0,0,0,0,0,0,0,0,0,0,0,0,0,0,0,0,0,0,0,0,0,0,0,0,0,0,0,0,0,0,0,0,0,0,0,0,0,0,0,0,0,0,0,0,0,0,0,0,0,0,0,0,0,0,0,0.000105,0.000105,0.000105,0.100012,0.100012,0.100012,1e-06,1e-06,1e-06,2.3e-05,2.3e-05,2.3e-05,8e-06,8e-06,8e-06,3e-06,3e-06,3e-06,1e-06,1e-06,1e-06,3e-06,3e-06,3e-06,2.4e-05,2.4e-05,2.4e-05,1e-06,1e-06,1e-06,1e-06,1e-06,1e-06,3e-06,3e-06,3e-06,2.6e-05,2.6e-05,2.6e-05,1e-06,1e-06,1e-06,4e-06,4e-06,4e-06,0,0,0,2e-06,2e-06,2e-06,2.9e-05,2.9e-05,2.9e-05,4e-06,4e-06,4e-06,4e-06,4e-06,4e-06,2e-06,2e-06,2e-06,3e-06,3e-06,3e-06,2e-06,2e-06,2e-06,5.1e-05,5.1e-05,5.1e-05,9.9e-05,9.9e-05,9.9e-05,1.6e-05,1.6e-05,1.6e-05,5.5e-05,5.5e-05,5.5e-05,1.1e-05,1.1e-05,1.1e-05,8e-06,8e-06,8e-06,0.000249,0.000249,0.000249,5.109885,5.109885,5.109885,7.1e-05,7.1e-05,7.1e-05,3.4e-05,3.4e-05,3.4e-05,9.2e-05,9.2e-05,9.2e-05,0.000216,0.000216,0.000216,0.00013,0.00013,0.00013,3.4e-05,3.4e-05,3.4e-05,3.8e-05,3.8e-05,3.8e-05,0.000153,0.000153,0.000153,1.2e-05,1.2e-05,1.2e-05,5.3e-05,5.3e-05,5.3e-05,3.9e-05,3.9e-05,3.9e-05,7.6e-05,7.6e-05,7.6e-05,9e-06,9e-06,9e-06,5e-05,5e-05,5e-05,1.9e-05,1.9e-05,1.9e-05,1.4e-05,1.4e-05,1.4e-05,1e-05,1e-05,1e-05,0.000143,0.000143,0.000143,3.1e-05,3.1e-05,3.1e-05,3.7e-05,3.7e-05,3.7e-05,7.1e-05,7.1e-05,7.1e-05,4.6e-05,4.6e-05,4.6e-05,4.3e-05,4.3e-05,4.3e-05,3.6e-05,3.6e-05,3.6e-05,7.8e-05,7.8e-05,7.8e-05,0.002462,0.002462,0.002462,2.8e-05,2.8e-05,2.8e-05,0.000776,0.000776,0.000776,0.000618,0.000618,0.000618,5.5e-05,5.5e-05,5.5e-05,0.002312,0.002312,0.002312,0.000423,0.000423,0.000423,0.000159,0.000159,0.000159,4.2e-05,4.2e-05,4.2e-05,2.4e-05,2.4e-05,2.4e-05,2.1e-05,2.1e-05,2.1e-05,5.9e-05,5.9e-05,5.9e-05,9.939118,9.939118,9.939118,0.000413,0.000413,0.000413,0.001469,0.001469,0.001469,0.000347,0.000347,0.000347,0.001455,0.001455,0.001455,2.9e-05,2.9e-05,2.9e-05,1.9e-05,1.9e-05,1.9e-05,2.6e-05,2.6e-05,2.6e-05,1.9e-05,1.9e-05,1.9e-05,0.034544,0.034544,0.034544,0.007448,0.007448,0.007448,3.5e-05,3.5e-05,3.5e-05,0.005402,0.005402,0.005402,0.001235,0.001235,0.001235,0.004232,0.004232,0.004232,3.7e-05,3.7e-05,3.7e-05,0.000151,0.000151,0.000151,0.013467,0.013467,0.013467,0.000191,0.000191,0.000191,3.3e-05,3.3e-05,3.3e-05,0.000162,0.000162,0.000162,0.00507,0.00507,0.00507,0.001479,0.001479,0.001479,0.023655,0.023655,0.023655,0.000122,0.000122,0.000122,0.001219,0.001219,0.001219,0.031415,0.031415,0.031415,6.5e-05,6.5e-05,6.5e-05,0.000551,0.000551,0.000551,0.000136,0.000136,0.000136,0.015086,0.015086,0.015086,0.000146,0.000146,0.000146,6.7e-05,6.7e-05,6.7e-05,5.9e-05,5.9e-05,5.9e-05,3e-05,3e-05,3e-05,1.8e-05,1.8e-05,1.8e-05,3.9e-05,3.9e-05,3.9e-05,0,0,0,0,0,0,0.004147,0.004147,0.004147,4e-06,4e-06,4e-06,2e-05,2e-05,2e-05,2.9e-05,2.9e-05,2.9e-05,0.00352,0.00352,0.00352,0.003401,0.003401,0.003401,7.8e-05,7.8e-05,7.8e-05,0.001667,0.001667,0.001667,0.00015,0.00015,0.00015,1.5e-05,1.5e-05,1.5e-05,0.000149,0.000149,0.000149,1.7e-05,1.7e-05,1.7e-05,0.000146,0.000146,0.000146,2.2e-05,2.2e-05,2.2e-05,0.000173,0.000173,0.000173,1.2e-05,1.2e-05,1.2e-05,0.000754,0.000754,0.000754,0.000123,0.000123,0.000123,0.000149,0.000149,0.000149,2e-05,2e-05,2e-05,3.2e-05,3.2e-05,3.2e-05,1.8e-05,1.8e-05,1.8e-05,0.000365,0.000365,0.000365,0.000319,0.000319,0.000319,1.8e-05,1.8e-05,1.8e-05,1.6e-05,1.6e-05,1.6e-05,1.9e-05,1.9e-05,1.9e-05,1.5e-05,1.5e-05,1.5e-05,2e-05,2e-05,2e-05,1.6e-05,1.6e-05,1.6e-05,2.3e-05,2.3e-05,2.3e-05,5.1e-05,5.1e-05,5.1e-05,6.1e-05,6.1e-05,6.1e-05,0.000126,0.000126,0.000126,0.000312,0.000312,0.000312,2e-05,2e-05,2e-05,1e-06,1e-06,1e-06,0,0,0,0,0,0,0,0,0,7.6e-05,7.6e-05,7.6e-05,2.6e-05,2.6e-05,2.6e-05,1e-06,1e-06,1e-06,1e-06,1e-06,1e-06,1e-06,1e-06,1e-06,0,0,0,6.7e-05,6.7e-05,6.7e-05,5e-05,5e-05,5e-05,1.6e-05,1.6e-05,1.6e-05,7e-06,7e-06,7e-06,10.165408,10.165408,10.165408,0.007318,0.007318,0.007318,0.007171,0.007171,0.007171,0.006784,0.006784,0.006784,1.6e-05,1.6e-05,1.6e-05,1.5e-05,1.5e-05,1.5e-05,2e-05,2e-05,2e-05,6e-06,6e-06,6e-06,2.7e-05,2.7e-05,2.7e-05,0.000567,0.000567,0.000567,0.000115,0.000115,0.000115,8e-06,8e-06,8e-06,0.000709,0.000709,0.000709,0.002267,0.002267,0.002267,0.000403,0.000403,0.000403,0.00243,0.00243,0.00243,4.9e-05,4.9e-05,4.9e-05,3e-06,3e-06,3e-06,6e-06,6e-06,6e-06,7e-06,7e-06,7e-06,4e-06,4e-06,4e-06,2e-06,2e-06,2e-06,2e-06,2e-06,2e-06,9.991713,9.991713,9.991713,9.9916,9.9916,9.9916,0.000127,0.000127,0.000127,1e-06,1e-06,1e-06,0.000106,0.000106,0.000106,4e-06,4e-06,4e-06,6e-06,6e-06,6e-06,2e-06,2e-06,2e-06,2e-06,2e-06,2e-06,1e-06,1e-06,1e-06,2e-06,2e-06,2e-06,1e-06,1e-06,1e-06,2e-06,2e-06,2e-06,1e-06,1e-06,1e-06,9.991021,9.991021,9.991021,0.000303,0.000303,0.000303,0.001417,0.001417,0.001417,0.000321,0.000321,0.000321,0.001427,0.001427,0.001427,5e-06,5e-06,5e-06,4e-06,4e-06,4e-06,8e-06,8e-06,8e-06,4e-06,4e-06,4e-06,0.034493,0.034493,0.034493,0.007397,0.007397,0.007397,0.005356,0.005356,0.005356,9.938913,9.938913,9.938913,2.3e-05,2.3e-05,2.3e-05,1.7e-05,1.7e-05,1.7e-05,0.001192,0.001192,0.001192,0.097366,0.097366,0.097366,0.097179,0.097179,0.097179,0.000224,0.000224,0.000224,3e-06,3e-06,3e-06,0.000179,0.000179,0.000179,6e-06,6e-06,6e-06,1.8e-05,1.8e-05,1.8e-05,5e-06,5e-06,5e-06,1e-05,1e-05,1e-05,4e-06,4e-06,4e-06,1.1e-05,1.1e-05,1.1e-05,5e-06,5e-06,5e-06,9e-06,9e-06,9e-06,6e-06,6e-06,6e-06,0.096341,0.096341,0.096341,2.4e-05,2.4e-05,2.4e-05,0.031371,0.031371,0.031371,2.3e-05,2.3e-05,2.3e-05,0.013255,0.013255,0.013255,7e-06,7e-06,7e-06,1.1e-05,1.1e-05,1.1e-05,2.2e-05,2.2e-05,2.2e-05,0.001411,0.001411,0.001411,0.023604,0.023604,0.023604,0.005034,0.005034,0.005034,0.000106,0.000106,0.000106,0.000516,0.000516,0.000516,0.000105,0.000105,0.000105,0.015047,0.015047,0.015047,0.00011,0.00011,0.00011,0.004176,0.004176,0.004176,0.000119,0.000119,0.000119,0.001185,0.001185,0.001185,6e-05,6e-05,6e-05,4e-06,4e-06,4e-06,2e-06,2e-06,2e-06,2e-06,2e-06,2e-06,0.06875,0.06875,0.06875,0.000152,0.000152,0.000152,7.7e-05,7.7e-05,7.7e-05,6e-05,6e-05,6e-05,4.5e-05,4.5e-05,4.5e-05,3.8e-05,3.8e-05,3.8e-05,3e-06,3e-06,3e-06,1e-06,1e-06,1e-06,5.112018,5.112018,5.112018,0.000471,0.000471,0.000471,0.000412,0.000412,0.000412,0.000373,0.000373,0.000373,2.1e-05,2.1e-05,2.1e-05,6.7e-05,6.7e-05,6.7e-05,1e-06,1e-06,1e-06,9e-06,9e-06,9e-06,4.2e-05,4.2e-05,4.2e-05,1e-06,1e-06,1e-06,0.000112,0.000112,0.000112,2.1e-05,2.1e-05,2.1e-05,6e-06,6e-06,6e-06,2.6e-05,2.6e-05,2.6e-05,5.111295,5.111295,5.111295,5.111183,5.111183,5.111183,5.110983,5.110983,5.110983,9.1e-05,9.1e-05,9.1e-05,7e-06,7e-06,7e-06,3e-06,3e-06,3e-06,3e-05,3e-05,3e-05,2e-06,2e-06,2e-06,0.000218,0.000218,0.000218,0.000102,0.000102,0.000102,0.000127,0.000127,0.000127,0.000152,0.000152,0.000152,5.109869,5.109869,5.109869,2.7e-05,2.7e-05,2.7e-05,2.4e-05,2.4e-05,2.4e-05,5.3e-05,5.3e-05,5.3e-05,2.6e-05,2.6e-05,2.6e-05,1.1e-05,1.1e-05,1.1e-05,2.5e-05,2.5e-05,2.5e-05,2e-06,2e-06,2e-06,8.4e-05,8.4e-05,8.4e-05,0.000167,0.000167,0.000167,0.000135,0.000135,0.000135,0.000105,0.000105,0.000105,7.2e-05,7.2e-05,7.2e-05,0,0,0,0,0,0,0.000281,0.000281,0.000281,15.276385,15.276385,15.276385,4.4e-05,4.4e-05,4.4e-05,3.9e-05,3.9e-05,3.9e-05,10.165227,10.165227,10.165227,0.001374,0.001374,0.001374,0.000119,0.000119,0.000119,0.000322,0.000322,0.000322,0.00012,0.00012,0.00012,8.6e-05,8.6e-05,8.6e-05
"iteration","simulation time",""CCTK total time" (average)",""CCTK total time" (minimum)",""CCTK total time" (maximum)",""IO method CarpetIOBasic" (average)",""IO method CarpetIOBasic" (minimum)",""IO method CarpetIOBasic" (maximum)",""IO method CarpetIOScalar" (average)",""IO method CarpetIOScalar" (minimum)",""IO method CarpetIOScalar" (maximum)",""IO method IOASCII_0D" (average)",""IO method IOASCII_0D" (minimum)",""IO method IOASCII_0D" (maximum)",""IO method IOASCII_1D" (average)",""IO method IOASCII_1D" (minimum)",""IO method IOASCII_1D" (maximum)",""IO method IOASCII_2D" (average)",""IO method IOASCII_2D" (minimum)",""IO method IOASCII_2D" (maximum)",""IO method IOASCII_3D" (average)",""IO method IOASCII_3D" (minimum)",""IO method IOASCII_3D" (maximum)",""IO method IOHDF5" (average)",""IO method IOHDF5" (minimum)",""IO method IOHDF5" (maximum)",""IO method IOHDF5_0D" (average)",""IO method IOHDF5_0D" (minimum)",""IO method IOHDF5_0D" (maximum)",""IO method IOHDF5_1D" (average)",""IO method IOHDF5_1D" (minimum)",""IO method IOHDF5_1D" (maximum)",""IO method IOHDF5_2D" (average)",""IO method IOHDF5_2D" (minimum)",""IO method IOHDF5_2D" (maximum)",""IO method IOHDF5_3D" (average)",""IO method IOHDF5_3D" (minimum)",""IO method IOHDF5_3D" (maximum)",""Slab/apply" (average)",""Slab/apply" (minimum)",""Slab/apply" (maximum)",""Slab/copy_back" (average)",""Slab/copy_back" (minimum)",""Slab/copy_back" (maximum)",""Slab/copy_back_flipgeneral" (average)",""Slab/copy_back_flipgeneral" (minimum)",""Slab/copy_back_flipgeneral" (maximum)",""Slab/copy_back_flipx" (average)",""Slab/copy_back_flipx" (minimum)",""Slab/copy_back_flipx" (maximum)",""Slab/copy_back_flipxy" (average)",""Slab/copy_back_flipxy" (minimum)",""Slab/copy_back_flipxy" (maximum)",""Slab/copy_back_flipy" (average)",""Slab/copy_back_flipy" (minimum)",""Slab/copy_back_flipy" (maximum)",""Slab/copy_back_general" (average)",""Slab/copy_back_general" (minimum)",""Slab/copy_back_general" (maximum)",""Slab/copy_back_noflip" (average)",""Slab/copy_back_noflip" (minimum)",""Slab/copy_back_noflip" (maximum)",""Slab/copy_in" (average)",""Slab/copy_in" (minimum)",""Slab/copy_in" (maximum)",""Slab/copy_in_general" (average)",""Slab/copy_in_general" (minimum)",""Slab/copy_in_general" (maximum)",""Slab/copy_in_noxpose" (average)",""Slab/copy_in_noxpose" (minimum)",""Slab/copy_in_noxpose" (maximum)",""Slab/copy_in_xposegeneral" (average)",""Slab/copy_in_xposegeneral" (minimum)",""Slab/copy_in_xposegeneral" (maximum)",""Slab/copy_in_xposexy" (average)",""Slab/copy_in_xposexy" (minimum)",""Slab/copy_in_xposexy" (maximum)",""Slab/init" (average)",""Slab/init" (minimum)",""Slab/init" (maximum)",""Slab/xfer" (average)",""Slab/xfer" (minimum)",""Slab/xfer" (maximum)",""[0000] Carpet: MultiModel_Startup in CCTK_STARTUP" (average)",""[0000] Carpet: MultiModel_Startup in CCTK_STARTUP" (minimum)",""[0000] Carpet: MultiModel_Startup in CCTK_STARTUP" (maximum)",""[0001] CycleClock: CycleClock_Setup in CCTK_STARTUP" (average)",""[0001] CycleClock: CycleClock_Setup in CCTK_STARTUP" (minimum)",""[0001] CycleClock: CycleClock_Setup in CCTK_STARTUP" (maximum)",""[0002] LoopControl: lc_setup in CCTK_STARTUP" (average)",""[0002] LoopControl: lc_setup in CCTK_STARTUP" (minimum)",""[0002] LoopControl: lc_setup in CCTK_STARTUP" (maximum)",""[0003] ML_BSSN_Helper: ML_BSSN_SetGroupTags in CCTK_STARTUP" (average)",""[0003] ML_BSSN_Helper: ML_BSSN_SetGroupTags in CCTK_STARTUP" (minimum)",""[0003] ML_BSSN_Helper: ML_BSSN_SetGroupTags in CCTK_STARTUP" (maximum)",""[0004] Timers: Timer_Startup in CCTK_STARTUP" (average)",""[0004] Timers: Timer_Startup in CCTK_STARTUP" (minimum)",""[0004] Timers: Timer_Startup in CCTK_STARTUP" (maximum)",""[0005] Carpet: Driver_Startup in CCTK_STARTUP" (average)",""[0005] Carpet: Driver_Startup in CCTK_STARTUP" (minimum)",""[0005] Carpet: Driver_Startup in CCTK_STARTUP" (maximum)",""[0006] IOUtil: IOUtil_Startup in CCTK_STARTUP" (average)",""[0006] IOUtil: IOUtil_Startup in CCTK_STARTUP" (minimum)",""[0006] IOUtil: IOUtil_Startup in CCTK_STARTUP" (maximum)",""[0007] CarpetInterp: CarpetInterpStartup in CCTK_STARTUP" (average)",""[0007] CarpetInterp: CarpetInterpStartup in CCTK_STARTUP" (minimum)",""[0007] CarpetInterp: CarpetInterpStartup in CCTK_STARTUP" (maximum)",""[0008] CarpetReduce: CarpetReduceStartup in CCTK_STARTUP" (average)",""[0008] CarpetReduce: CarpetReduceStartup in CCTK_STARTUP" (minimum)",""[0008] CarpetReduce: CarpetReduceStartup in CCTK_STARTUP" (maximum)",""[0009] CartGrid3D: SymmetryStartup in CCTK_STARTUP" (average)",""[0009] CartGrid3D: SymmetryStartup in CCTK_STARTUP" (minimum)",""[0009] CartGrid3D: SymmetryStartup in CCTK_STARTUP" (maximum)",""[0010] CoordBase: CoordBase_Startup in CCTK_STARTUP" (average)",""[0010] CoordBase: CoordBase_Startup in CCTK_STARTUP" (minimum)",""[0010] CoordBase: CoordBase_Startup in CCTK_STARTUP" (maximum)",""[0011] AEILocalInterp: AEILocalInterp_U_Startup in CCTK_STARTUP" (average)",""[0011] AEILocalInterp: AEILocalInterp_U_Startup in CCTK_STARTUP" (minimum)",""[0011] AEILocalInterp: AEILocalInterp_U_Startup in CCTK_STARTUP" (maximum)",""[0012] CarpetIOASCII: CarpetIOASCIIStartup in CCTK_STARTUP" (average)",""[0012] CarpetIOASCII: CarpetIOASCIIStartup in CCTK_STARTUP" (minimum)",""[0012] CarpetIOASCII: CarpetIOASCIIStartup in CCTK_STARTUP" (maximum)",""[0013] LocalInterp: LocalInterp_Startup in CCTK_STARTUP" (average)",""[0013] LocalInterp: LocalInterp_Startup in CCTK_STARTUP" (minimum)",""[0013] LocalInterp: LocalInterp_Startup in CCTK_STARTUP" (maximum)",""[0014] CarpetIOBasic: CarpetIOBasicStartup in CCTK_STARTUP" (average)",""[0014] CarpetIOBasic: CarpetIOBasicStartup in CCTK_STARTUP" (minimum)",""[0014] CarpetIOBasic: CarpetIOBasicStartup in CCTK_STARTUP" (maximum)",""[0015] ML_BSSN: ML_BSSN_Startup in CCTK_STARTUP" (average)",""[0015] ML_BSSN: ML_BSSN_Startup in CCTK_STARTUP" (minimum)",""[0015] ML_BSSN: ML_BSSN_Startup in CCTK_STARTUP" (maximum)",""[0016] ML_BSSN_Helper: ML_BSSN_RegisterSlicing in CCTK_STARTUP" (average)",""[0016] ML_BSSN_Helper: ML_BSSN_RegisterSlicing in CCTK_STARTUP" (minimum)",""[0016] ML_BSSN_Helper: ML_BSSN_RegisterSlicing in CCTK_STARTUP" (maximum)",""[0017] CarpetIOHDF5: CarpetIOHDF5_Startup in CCTK_STARTUP" (average)",""[0017] CarpetIOHDF5: CarpetIOHDF5_Startup in CCTK_STARTUP" (minimum)",""[0017] CarpetIOHDF5: CarpetIOHDF5_Startup in CCTK_STARTUP" (maximum)",""[0018] MoL: MoL_Startup in CCTK_STARTUP" (average)",""[0018] MoL: MoL_Startup in CCTK_STARTUP" (minimum)",""[0018] MoL: MoL_Startup in CCTK_STARTUP" (maximum)",""[0019] Slab: Slab_InitMPIDatatypes in CCTK_STARTUP" (average)",""[0019] Slab: Slab_InitMPIDatatypes in CCTK_STARTUP" (minimum)",""[0019] Slab: Slab_InitMPIDatatypes in CCTK_STARTUP" (maximum)",""[0020] SymBase: SymBase_Startup in CCTK_STARTUP" (average)",""[0020] SymBase: SymBase_Startup in CCTK_STARTUP" (minimum)",""[0020] SymBase: SymBase_Startup in CCTK_STARTUP" (maximum)",""[0021] CarpetIOScalar: CarpetIOScalarStartup in CCTK_STARTUP" (average)",""[0021] CarpetIOScalar: CarpetIOScalarStartup in CCTK_STARTUP" (minimum)",""[0021] CarpetIOScalar: CarpetIOScalarStartup in CCTK_STARTUP" (maximum)",""[0022] Vectors: Vectors_Startup in CCTK_STARTUP" (average)",""[0022] Vectors: Vectors_Startup in CCTK_STARTUP" (minimum)",""[0022] Vectors: Vectors_Startup in CCTK_STARTUP" (maximum)",""[0023] ADMBase: Einstein_InitSymBound in CCTK_WRAGH" (average)",""[0023] ADMBase: Einstein_InitSymBound in CCTK_WRAGH" (minimum)",""[0023] ADMBase: Einstein_InitSymBound in CCTK_WRAGH" (maximum)",""[0024] ADMConstraints: ADMConstraint_InitSymBound in CCTK_WRAGH" (average)",""[0024] ADMConstraints: ADMConstraint_InitSymBound in CCTK_WRAGH" (minimum)",""[0024] ADMConstraints: ADMConstraint_InitSymBound in CCTK_WRAGH" (maximum)",""[0025] Boundary: Boundary_RegisterBCs in CCTK_WRAGH" (average)",""[0025] Boundary: Boundary_RegisterBCs in CCTK_WRAGH" (minimum)",""[0025] Boundary: Boundary_RegisterBCs in CCTK_WRAGH" (maximum)",""[0026] CartGrid3D: RegisterCartGrid3DCoords in CCTK_WRAGH" (average)",""[0026] CartGrid3D: RegisterCartGrid3DCoords in CCTK_WRAGH" (minimum)",""[0026] CartGrid3D: RegisterCartGrid3DCoords in CCTK_WRAGH" (maximum)",""[0027] CoordGauge: Einstein_ActivateSlicing in CCTK_WRAGH" (average)",""[0027] CoordGauge: Einstein_ActivateSlicing in CCTK_WRAGH" (minimum)",""[0027] CoordGauge: Einstein_ActivateSlicing in CCTK_WRAGH" (maximum)",""[0028] CoordGauge: Einstein_SetNextSlicing in CCTK_WRAGH" (average)",""[0028] CoordGauge: Einstein_SetNextSlicing in CCTK_WRAGH" (minimum)",""[0028] CoordGauge: Einstein_SetNextSlicing in CCTK_WRAGH" (maximum)",""[0029] ML_BSSN_Helper: ML_BSSN_ParamCompat in CCTK_WRAGH" (average)",""[0029] ML_BSSN_Helper: ML_BSSN_ParamCompat in CCTK_WRAGH" (minimum)",""[0029] ML_BSSN_Helper: ML_BSSN_ParamCompat in CCTK_WRAGH" (maximum)",""[0030] ManyBH: ManyBH_spectralinit in CCTK_WRAGH" (average)",""[0030] ManyBH: ManyBH_spectralinit in CCTK_WRAGH" (minimum)",""[0030] ManyBH: ManyBH_spectralinit in CCTK_WRAGH" (maximum)",""[0031] MoL: MoL_SetupIndexArrays in CCTK_WRAGH" (average)",""[0031] MoL: MoL_SetupIndexArrays in CCTK_WRAGH" (minimum)",""[0031] MoL: MoL_SetupIndexArrays in CCTK_WRAGH" (maximum)",""[0032] MoL: MoL_SetScheduleStatus in CCTK_WRAGH" (average)",""[0032] MoL: MoL_SetScheduleStatus in CCTK_WRAGH" (minimum)",""[0032] MoL: MoL_SetScheduleStatus in CCTK_WRAGH" (maximum)",""[0033] TmunuBase: TmunuBase_SetStressEnergyState in CCTK_WRAGH" (average)",""[0033] TmunuBase: TmunuBase_SetStressEnergyState in CCTK_WRAGH" (minimum)",""[0033] TmunuBase: TmunuBase_SetStressEnergyState in CCTK_WRAGH" (maximum)",""[0034] ML_BSSN: ML_BSSN_RegisterVars in CCTK_WRAGH" (average)",""[0034] ML_BSSN: ML_BSSN_RegisterVars in CCTK_WRAGH" (minimum)",""[0034] ML_BSSN: ML_BSSN_RegisterVars in CCTK_WRAGH" (maximum)",""[0035] ML_BSSN_Helper: ML_BSSN_RegisterConstrained in CCTK_WRAGH" (average)",""[0035] ML_BSSN_Helper: ML_BSSN_RegisterConstrained in CCTK_WRAGH" (minimum)",""[0035] ML_BSSN_Helper: ML_BSSN_RegisterConstrained in CCTK_WRAGH" (maximum)",""[0036] Slab: Slab_InitTimers in CCTK_WRAGH" (average)",""[0036] Slab: Slab_InitTimers in CCTK_WRAGH" (minimum)",""[0036] Slab: Slab_InitTimers in CCTK_WRAGH" (maximum)",""[0037] CartGrid3D: RegisterSymmetryBoundaries in CCTK_WRAGH" (average)",""[0037] CartGrid3D: RegisterSymmetryBoundaries in CCTK_WRAGH" (minimum)",""[0037] CartGrid3D: RegisterSymmetryBoundaries in CCTK_WRAGH" (maximum)",""[0038] ML_BSSN: ML_BSSN_RegisterSymmetries in CCTK_WRAGH" (average)",""[0038] ML_BSSN: ML_BSSN_RegisterSymmetries in CCTK_WRAGH" (minimum)",""[0038] ML_BSSN: ML_BSSN_RegisterSymmetries in CCTK_WRAGH" (maximum)",""[0039] SymBase: SymBase_Statistics in CCTK_WRAGH" (average)",""[0039] SymBase: SymBase_Statistics in CCTK_WRAGH" (minimum)",""[0039] SymBase: SymBase_Statistics in CCTK_WRAGH" (maximum)",""[0040] MoL: MoL_ReportNumberVariables in CCTK_WRAGH" (average)",""[0040] MoL: MoL_ReportNumberVariables in CCTK_WRAGH" (minimum)",""[0040] MoL: MoL_ReportNumberVariables in CCTK_WRAGH" (maximum)",""[0041] ADMBase: ADMBase_ParamCheck in CCTK_PARAMCHECK" (average)",""[0041] ADMBase: ADMBase_ParamCheck in CCTK_PARAMCHECK" (minimum)",""[0041] ADMBase: ADMBase_ParamCheck in CCTK_PARAMCHECK" (maximum)",""[0042] ADMConstraints: ADMConstraints_ParamCheck in CCTK_PARAMCHECK" (average)",""[0042] ADMConstraints: ADMConstraints_ParamCheck in CCTK_PARAMCHECK" (minimum)",""[0042] ADMConstraints: ADMConstraints_ParamCheck in CCTK_PARAMCHECK" (maximum)",""[0043] Boundary: Boundary_Check in CCTK_PARAMCHECK" (average)",""[0043] Boundary: Boundary_Check in CCTK_PARAMCHECK" (minimum)",""[0043] Boundary: Boundary_Check in CCTK_PARAMCHECK" (maximum)",""[0044] Carpet: CarpetParamCheck in CCTK_PARAMCHECK" (average)",""[0044] Carpet: CarpetParamCheck in CCTK_PARAMCHECK" (minimum)",""[0044] Carpet: CarpetParamCheck in CCTK_PARAMCHECK" (maximum)",""[0045] CarpetLib: CarpetLib_test_prolongate_3d_rf2 in CCTK_PARAMCHECK" (average)",""[0045] CarpetLib: CarpetLib_test_prolongate_3d_rf2 in CCTK_PARAMCHECK" (minimum)",""[0045] CarpetLib: CarpetLib_test_prolongate_3d_rf2 in CCTK_PARAMCHECK" (maximum)",""[0046] CartGrid3D: ParamCheck_CartGrid3D in CCTK_PARAMCHECK" (average)",""[0046] CartGrid3D: ParamCheck_CartGrid3D in CCTK_PARAMCHECK" (minimum)",""[0046] CartGrid3D: ParamCheck_CartGrid3D in CCTK_PARAMCHECK" (maximum)",""[0047] Fortran: CheckFortranParameters in CCTK_PARAMCHECK" (average)",""[0047] Fortran: CheckFortranParameters in CCTK_PARAMCHECK" (minimum)",""[0047] Fortran: CheckFortranParameters in CCTK_PARAMCHECK" (maximum)",""[0048] ML_BSSN_Helper: ML_BSSN_ParamCheck in CCTK_PARAMCHECK" (average)",""[0048] ML_BSSN_Helper: ML_BSSN_ParamCheck in CCTK_PARAMCHECK" (minimum)",""[0048] ML_BSSN_Helper: ML_BSSN_ParamCheck in CCTK_PARAMCHECK" (maximum)",""[0049] MoL: MoL_ParamCheck in CCTK_PARAMCHECK" (average)",""[0049] MoL: MoL_ParamCheck in CCTK_PARAMCHECK" (minimum)",""[0049] MoL: MoL_ParamCheck in CCTK_PARAMCHECK" (maximum)",""[0050] Vectors: Vectors_Test in CCTK_PARAMCHECK" (average)",""[0050] Vectors: Vectors_Test in CCTK_PARAMCHECK" (minimum)",""[0050] Vectors: Vectors_Test in CCTK_PARAMCHECK" (maximum)",""[0051] ADMBase: ADMBase_SetShiftStateOn in CCTK_BASEGRID" (average)",""[0051] ADMBase: ADMBase_SetShiftStateOn in CCTK_BASEGRID" (minimum)",""[0051] ADMBase: ADMBase_SetShiftStateOn in CCTK_BASEGRID" (maximum)",""[0052] ADMBase: ADMBase_SetDtLapseStateOn in CCTK_BASEGRID" (average)",""[0052] ADMBase: ADMBase_SetDtLapseStateOn in CCTK_BASEGRID" (minimum)",""[0052] ADMBase: ADMBase_SetDtLapseStateOn in CCTK_BASEGRID" (maximum)",""[0053] ADMBase: ADMBase_SetDtShiftStateOn in CCTK_BASEGRID" (average)",""[0053] ADMBase: ADMBase_SetDtShiftStateOn in CCTK_BASEGRID" (minimum)",""[0053] ADMBase: ADMBase_SetDtShiftStateOn in CCTK_BASEGRID" (maximum)",""[0054] ADMMacros: ADMMacros_SetLocalSpatialOrder in CCTK_BASEGRID" (average)",""[0054] ADMMacros: ADMMacros_SetLocalSpatialOrder in CCTK_BASEGRID" (minimum)",""[0054] ADMMacros: ADMMacros_SetLocalSpatialOrder in CCTK_BASEGRID" (maximum)",""[0055] CartGrid3D: SpatialSpacings in CCTK_BASEGRID" (average)",""[0055] CartGrid3D: SpatialSpacings in CCTK_BASEGRID" (minimum)",""[0055] CartGrid3D: SpatialSpacings in CCTK_BASEGRID" (maximum)",""[0056] CartGrid3D: SpatialCoordinates in CCTK_BASEGRID" (average)",""[0056] CartGrid3D: SpatialCoordinates in CCTK_BASEGRID" (minimum)",""[0056] CartGrid3D: SpatialCoordinates in CCTK_BASEGRID" (maximum)",""[0057] CarpetReduce: MaskBase_AllocateMask in CCTK_BASEGRID" (average)",""[0057] CarpetReduce: MaskBase_AllocateMask in CCTK_BASEGRID" (minimum)",""[0057] CarpetReduce: MaskBase_AllocateMask in CCTK_BASEGRID" (maximum)",""[0058] CarpetReduce: MaskBase_InitMask in CCTK_BASEGRID" (average)",""[0058] CarpetReduce: MaskBase_InitMask in CCTK_BASEGRID" (minimum)",""[0058] CarpetReduce: MaskBase_InitMask in CCTK_BASEGRID" (maximum)",""[0059] CarpetReduce: CoordBase_SetupMask in CCTK_BASEGRID" (average)",""[0059] CarpetReduce: CoordBase_SetupMask in CCTK_BASEGRID" (minimum)",""[0059] CarpetReduce: CoordBase_SetupMask in CCTK_BASEGRID" (maximum)",""[0060] CarpetReduce: CarpetMaskSetup in CCTK_BASEGRID" (average)",""[0060] CarpetReduce: CarpetMaskSetup in CCTK_BASEGRID" (minimum)",""[0060] CarpetReduce: CarpetMaskSetup in CCTK_BASEGRID" (maximum)",""[0061] CarpetReduce: MaskBase_SetMask in CCTK_BASEGRID" (average)",""[0061] CarpetReduce: MaskBase_SetMask in CCTK_BASEGRID" (minimum)",""[0061] CarpetReduce: MaskBase_SetMask in CCTK_BASEGRID" (maximum)",""[0062] CarpetReduce: MaskBase_TestMask in CCTK_BASEGRID" (average)",""[0062] CarpetReduce: MaskBase_TestMask in CCTK_BASEGRID" (minimum)",""[0062] CarpetReduce: MaskBase_TestMask in CCTK_BASEGRID" (maximum)",""[0063] ML_BSSN: ML_BSSN_CheckBoundaries in CCTK_BASEGRID" (average)",""[0063] ML_BSSN: ML_BSSN_CheckBoundaries in CCTK_BASEGRID" (minimum)",""[0063] ML_BSSN: ML_BSSN_CheckBoundaries in CCTK_BASEGRID" (maximum)",""[0064] SymBase: SymBase_Check in CCTK_BASEGRID" (average)",""[0064] SymBase: SymBase_Check in CCTK_BASEGRID" (minimum)",""[0064] SymBase: SymBase_Check in CCTK_BASEGRID" (maximum)",""[0065] Time: Time_Initialise in CCTK_BASEGRID" (average)",""[0065] Time: Time_Initialise in CCTK_BASEGRID" (minimum)",""[0065] Time: Time_Initialise in CCTK_BASEGRID" (maximum)",""[0066] Time: TemporalSpacings in CCTK_BASEGRID" (average)",""[0066] Time: TemporalSpacings in CCTK_BASEGRID" (minimum)",""[0066] Time: TemporalSpacings in CCTK_BASEGRID" (maximum)",""[0067] StaticConformal: StaticConformal_InitialiseState in CCTK_INITIAL" (average)",""[0067] StaticConformal: StaticConformal_InitialiseState in CCTK_INITIAL" (minimum)",""[0067] StaticConformal: StaticConformal_InitialiseState in CCTK_INITIAL" (maximum)",""[0068] ManyBH: ManyBH_initialdata in CCTK_INITIAL" (average)",""[0068] ManyBH: ManyBH_initialdata in CCTK_INITIAL" (minimum)",""[0068] ManyBH: ManyBH_initialdata in CCTK_INITIAL" (maximum)",""[0069] ADMBase: ADMBase_LapseOne in CCTK_INITIAL" (average)",""[0069] ADMBase: ADMBase_LapseOne in CCTK_INITIAL" (minimum)",""[0069] ADMBase: ADMBase_LapseOne in CCTK_INITIAL" (maximum)",""[0070] ADMBase: ADMBase_ShiftZero in CCTK_INITIAL" (average)",""[0070] ADMBase: ADMBase_ShiftZero in CCTK_INITIAL" (minimum)",""[0070] ADMBase: ADMBase_ShiftZero in CCTK_INITIAL" (maximum)",""[0071] ADMBase: ADMBase_DtLapseZero in CCTK_INITIAL" (average)",""[0071] ADMBase: ADMBase_DtLapseZero in CCTK_INITIAL" (minimum)",""[0071] ADMBase: ADMBase_DtLapseZero in CCTK_INITIAL" (maximum)",""[0072] ADMBase: ADMBase_DtShiftZero in CCTK_INITIAL" (average)",""[0072] ADMBase: ADMBase_DtShiftZero in CCTK_INITIAL" (minimum)",""[0072] ADMBase: ADMBase_DtShiftZero in CCTK_INITIAL" (maximum)",""[0073] CarpetIOASCII: CarpetIOASCIIInit in CCTK_INITIAL" (average)",""[0073] CarpetIOASCII: CarpetIOASCIIInit in CCTK_INITIAL" (minimum)",""[0073] CarpetIOASCII: CarpetIOASCIIInit in CCTK_INITIAL" (maximum)",""[0074] CarpetIOBasic: CarpetIOBasicInit in CCTK_INITIAL" (average)",""[0074] CarpetIOBasic: CarpetIOBasicInit in CCTK_INITIAL" (minimum)",""[0074] CarpetIOBasic: CarpetIOBasicInit in CCTK_INITIAL" (maximum)",""[0075] CarpetIOHDF5: CarpetIOHDF5_Init in CCTK_INITIAL" (average)",""[0075] CarpetIOHDF5: CarpetIOHDF5_Init in CCTK_INITIAL" (minimum)",""[0075] CarpetIOHDF5: CarpetIOHDF5_Init in CCTK_INITIAL" (maximum)",""[0076] CarpetIOScalar: CarpetIOScalarInit in CCTK_INITIAL" (average)",""[0076] CarpetIOScalar: CarpetIOScalarInit in CCTK_INITIAL" (minimum)",""[0076] CarpetIOScalar: CarpetIOScalarInit in CCTK_INITIAL" (maximum)",""[0077] ML_BSSN: ML_BSSN_InitialADMBase1Everywhere in CCTK_INITIAL" (average)",""[0077] ML_BSSN: ML_BSSN_InitialADMBase1Everywhere in CCTK_INITIAL" (minimum)",""[0077] ML_BSSN: ML_BSSN_InitialADMBase1Everywhere in CCTK_INITIAL" (maximum)",""[0078] ML_BSSN: ML_BSSN_InitialADMBase2BoundaryScalar in CCTK_INITIAL" (average)",""[0078] ML_BSSN: ML_BSSN_InitialADMBase2BoundaryScalar in CCTK_INITIAL" (minimum)",""[0078] ML_BSSN: ML_BSSN_InitialADMBase2BoundaryScalar in CCTK_INITIAL" (maximum)",""[0079] MoL: MoL_StartLoop in CCTK_INITIAL" (average)",""[0079] MoL: MoL_StartLoop in CCTK_INITIAL" (minimum)",""[0079] MoL: MoL_StartLoop in CCTK_INITIAL" (maximum)",""[0080] ML_BSSN: ML_BSSN_InitialADMBase2Interior in CCTK_INITIAL" (average)",""[0080] ML_BSSN: ML_BSSN_InitialADMBase2Interior in CCTK_INITIAL" (minimum)",""[0080] ML_BSSN: ML_BSSN_InitialADMBase2Interior in CCTK_INITIAL" (maximum)",""[0081] TmunuBase: TmunuBase_ZeroTmunu in CCTK_INITIAL" (average)",""[0081] TmunuBase: TmunuBase_ZeroTmunu in CCTK_INITIAL" (minimum)",""[0081] TmunuBase: TmunuBase_ZeroTmunu in CCTK_INITIAL" (maximum)",""[0082] ML_BSSN: ML_BSSN_EnforceEverywhere in CCTK_POSTINITIAL" (average)",""[0082] ML_BSSN: ML_BSSN_EnforceEverywhere in CCTK_POSTINITIAL" (minimum)",""[0082] ML_BSSN: ML_BSSN_EnforceEverywhere in CCTK_POSTINITIAL" (maximum)",""[0083] CarpetIOHDF5: CarpetIOHDF5_CloseFiles in CCTK_POSTINITIAL" (average)",""[0083] CarpetIOHDF5: CarpetIOHDF5_CloseFiles in CCTK_POSTINITIAL" (minimum)",""[0083] CarpetIOHDF5: CarpetIOHDF5_CloseFiles in CCTK_POSTINITIAL" (maximum)",""[0084] ADMBase: ADMBase_Boundaries in CCTK_POSTINITIAL" (average)",""[0084] ADMBase: ADMBase_Boundaries in CCTK_POSTINITIAL" (minimum)",""[0084] ADMBase: ADMBase_Boundaries in CCTK_POSTINITIAL" (maximum)",""[0085] Boundary: Boundary_ApplyPhysicalBCs in CCTK_POSTINITIAL" (average)",""[0085] Boundary: Boundary_ApplyPhysicalBCs in CCTK_POSTINITIAL" (minimum)",""[0085] Boundary: Boundary_ApplyPhysicalBCs in CCTK_POSTINITIAL" (maximum)",""[0086] CartGrid3D: CartGrid3D_ApplyBC in CCTK_POSTINITIAL" (average)",""[0086] CartGrid3D: CartGrid3D_ApplyBC in CCTK_POSTINITIAL" (minimum)",""[0086] CartGrid3D: CartGrid3D_ApplyBC in CCTK_POSTINITIAL" (maximum)",""[0087] Boundary: Boundary_ClearSelection in CCTK_POSTINITIAL" (average)",""[0087] Boundary: Boundary_ClearSelection in CCTK_POSTINITIAL" (minimum)",""[0087] Boundary: Boundary_ClearSelection in CCTK_POSTINITIAL" (maximum)",""[0088] ML_BSSN: ML_BSSN_SelectBoundConds in CCTK_POSTINITIAL" (average)",""[0088] ML_BSSN: ML_BSSN_SelectBoundConds in CCTK_POSTINITIAL" (minimum)",""[0088] ML_BSSN: ML_BSSN_SelectBoundConds in CCTK_POSTINITIAL" (maximum)",""[0089] ML_BSSN: ML_BSSN_ADMBaseInterior in CCTK_POSTINITIAL" (average)",""[0089] ML_BSSN: ML_BSSN_ADMBaseInterior in CCTK_POSTINITIAL" (minimum)",""[0089] ML_BSSN: ML_BSSN_ADMBaseInterior in CCTK_POSTINITIAL" (maximum)",""[0090] ML_BSSN: ML_BSSN_ADMBaseBoundaryScalar in CCTK_POSTINITIAL" (average)",""[0090] ML_BSSN: ML_BSSN_ADMBaseBoundaryScalar in CCTK_POSTINITIAL" (minimum)",""[0090] ML_BSSN: ML_BSSN_ADMBaseBoundaryScalar in CCTK_POSTINITIAL" (maximum)",""[0091] ML_BSSN: ML_BSSN_ADMBaseEverywhere in CCTK_POSTINITIAL" (average)",""[0091] ML_BSSN: ML_BSSN_ADMBaseEverywhere in CCTK_POSTINITIAL" (minimum)",""[0091] ML_BSSN: ML_BSSN_ADMBaseEverywhere in CCTK_POSTINITIAL" (maximum)",""[0092] ML_BSSN_Helper: ML_BSSN_ADMBase_SelectBCs in CCTK_POSTINITIAL" (average)",""[0092] ML_BSSN_Helper: ML_BSSN_ADMBase_SelectBCs in CCTK_POSTINITIAL" (minimum)",""[0092] ML_BSSN_Helper: ML_BSSN_ADMBase_SelectBCs in CCTK_POSTINITIAL" (maximum)",""[0093] TmunuBase: TmunuBase_ZeroTmunu in CCTK_POSTINITIAL" (average)",""[0093] TmunuBase: TmunuBase_ZeroTmunu in CCTK_POSTINITIAL" (minimum)",""[0093] TmunuBase: TmunuBase_ZeroTmunu in CCTK_POSTINITIAL" (maximum)",""[0094] ADMConstraints: ADMConstraints in CCTK_POSTINITIAL" (average)",""[0094] ADMConstraints: ADMConstraints in CCTK_POSTINITIAL" (minimum)",""[0094] ADMConstraints: ADMConstraints in CCTK_POSTINITIAL" (maximum)",""[0095] ADMConstraints: ADMConstraints_Boundaries in CCTK_POSTINITIAL" (average)",""[0095] ADMConstraints: ADMConstraints_Boundaries in CCTK_POSTINITIAL" (minimum)",""[0095] ADMConstraints: ADMConstraints_Boundaries in CCTK_POSTINITIAL" (maximum)",""[0096] ML_BSSN: ML_BSSN_ConstraintsEverywhere in CCTK_POSTINITIAL" (average)",""[0096] ML_BSSN: ML_BSSN_ConstraintsEverywhere in CCTK_POSTINITIAL" (minimum)",""[0096] ML_BSSN: ML_BSSN_ConstraintsEverywhere in CCTK_POSTINITIAL" (maximum)",""[0097] ML_BSSN: ML_BSSN_ConstraintsEverywhere_SelectBCs in CCTK_POSTINITIAL" (average)",""[0097] ML_BSSN: ML_BSSN_ConstraintsEverywhere_SelectBCs in CCTK_POSTINITIAL" (minimum)",""[0097] ML_BSSN: ML_BSSN_ConstraintsEverywhere_SelectBCs in CCTK_POSTINITIAL" (maximum)",""[0098] ML_BSSN: ML_BSSN_ConstraintsInterior in CCTK_POSTINITIAL" (average)",""[0098] ML_BSSN: ML_BSSN_ConstraintsInterior in CCTK_POSTINITIAL" (minimum)",""[0098] ML_BSSN: ML_BSSN_ConstraintsInterior in CCTK_POSTINITIAL" (maximum)",""[0099] ML_BSSN: ML_BSSN_ConstraintsInterior_SelectBCs in CCTK_POSTINITIAL" (average)",""[0099] ML_BSSN: ML_BSSN_ConstraintsInterior_SelectBCs in CCTK_POSTINITIAL" (minimum)",""[0099] ML_BSSN: ML_BSSN_ConstraintsInterior_SelectBCs in CCTK_POSTINITIAL" (maximum)",""[0100] ManyBH: ManyBH_cleanup in CCTK_POSTPOSTINITIAL" (average)",""[0100] ManyBH: ManyBH_cleanup in CCTK_POSTPOSTINITIAL" (minimum)",""[0100] ManyBH: ManyBH_cleanup in CCTK_POSTPOSTINITIAL" (maximum)",""[0101] CarpetIOHDF5: CarpetIOHDF5_InitialDataCheckpoint in CCTK_CPINITIAL" (average)",""[0101] CarpetIOHDF5: CarpetIOHDF5_InitialDataCheckpoint in CCTK_CPINITIAL" (minimum)",""[0101] CarpetIOHDF5: CarpetIOHDF5_InitialDataCheckpoint in CCTK_CPINITIAL" (maximum)",""[0102] CarpetLib: CarpetLib_printtimestats in CCTK_ANALYSIS" (average)",""[0102] CarpetLib: CarpetLib_printtimestats in CCTK_ANALYSIS" (minimum)",""[0102] CarpetLib: CarpetLib_printtimestats in CCTK_ANALYSIS" (maximum)",""[0103] CarpetLib: CarpetLib_printmemstats in CCTK_ANALYSIS" (average)",""[0103] CarpetLib: CarpetLib_printmemstats in CCTK_ANALYSIS" (minimum)",""[0103] CarpetLib: CarpetLib_printmemstats in CCTK_ANALYSIS" (maximum)",""[0104] LoopControl: lc_statistics_analysis in CCTK_ANALYSIS" (average)",""[0104] LoopControl: lc_statistics_analysis in CCTK_ANALYSIS" (minimum)",""[0104] LoopControl: lc_statistics_analysis in CCTK_ANALYSIS" (maximum)",""[0105] TimerReport: zzz_TimerReport_Output in CCTK_ANALYSIS" (average)",""[0105] TimerReport: zzz_TimerReport_Output in CCTK_ANALYSIS" (minimum)",""[0105] TimerReport: zzz_TimerReport_Output in CCTK_ANALYSIS" (maximum)",""[0106] ADMBase: ADMBase_LapseStatic in CCTK_PRESTEP" (average)",""[0106] ADMBase: ADMBase_LapseStatic in CCTK_PRESTEP" (minimum)",""[0106] ADMBase: ADMBase_LapseStatic in CCTK_PRESTEP" (maximum)",""[0107] ADMBase: ADMBase_ShiftStatic in CCTK_PRESTEP" (average)",""[0107] ADMBase: ADMBase_ShiftStatic in CCTK_PRESTEP" (minimum)",""[0107] ADMBase: ADMBase_ShiftStatic in CCTK_PRESTEP" (maximum)",""[0108] CoordGauge: Einstein_SetNextSlicing in CCTK_PRESTEP" (average)",""[0108] CoordGauge: Einstein_SetNextSlicing in CCTK_PRESTEP" (minimum)",""[0108] CoordGauge: Einstein_SetNextSlicing in CCTK_PRESTEP" (maximum)",""[0109] LoopControl: lc_steer in CCTK_PRESTEP" (average)",""[0109] LoopControl: lc_steer in CCTK_PRESTEP" (minimum)",""[0109] LoopControl: lc_steer in CCTK_PRESTEP" (maximum)",""[0110] MoL: MoL_StartLoop in CCTK_EVOL" (average)",""[0110] MoL: MoL_StartLoop in CCTK_EVOL" (minimum)",""[0110] MoL: MoL_StartLoop in CCTK_EVOL" (maximum)",""[0111] MoL: MoL_SetCounter in CCTK_EVOL" (average)",""[0111] MoL: MoL_SetCounter in CCTK_EVOL" (minimum)",""[0111] MoL: MoL_SetCounter in CCTK_EVOL" (maximum)",""[0112] MoL: MoL_SetTime in CCTK_EVOL" (average)",""[0112] MoL: MoL_SetTime in CCTK_EVOL" (minimum)",""[0112] MoL: MoL_SetTime in CCTK_EVOL" (maximum)",""[0113] MoL: MoL_AllocateScratchSpace in CCTK_EVOL" (average)",""[0113] MoL: MoL_AllocateScratchSpace in CCTK_EVOL" (minimum)",""[0113] MoL: MoL_AllocateScratchSpace in CCTK_EVOL" (maximum)",""[0114] MoL: MoL_InitialCopy in CCTK_EVOL" (average)",""[0114] MoL: MoL_InitialCopy in CCTK_EVOL" (minimum)",""[0114] MoL: MoL_InitialCopy in CCTK_EVOL" (maximum)",""[0115] MoL: MoL_InitRHS in CCTK_EVOL" (average)",""[0115] MoL: MoL_InitRHS in CCTK_EVOL" (minimum)",""[0115] MoL: MoL_InitRHS in CCTK_EVOL" (maximum)",""[0116] ML_BSSN: ML_BSSN_EvolutionBoundaryScalar in CCTK_EVOL" (average)",""[0116] ML_BSSN: ML_BSSN_EvolutionBoundaryScalar in CCTK_EVOL" (minimum)",""[0116] ML_BSSN: ML_BSSN_EvolutionBoundaryScalar in CCTK_EVOL" (maximum)",""[0117] ML_BSSN: ML_BSSN_EvolutionInteriorSplitBy1 in CCTK_EVOL" (average)",""[0117] ML_BSSN: ML_BSSN_EvolutionInteriorSplitBy1 in CCTK_EVOL" (minimum)",""[0117] ML_BSSN: ML_BSSN_EvolutionInteriorSplitBy1 in CCTK_EVOL" (maximum)",""[0118] ML_BSSN: ML_BSSN_EvolutionInteriorSplitBy2 in CCTK_EVOL" (average)",""[0118] ML_BSSN: ML_BSSN_EvolutionInteriorSplitBy2 in CCTK_EVOL" (minimum)",""[0118] ML_BSSN: ML_BSSN_EvolutionInteriorSplitBy2 in CCTK_EVOL" (maximum)",""[0119] ML_BSSN: ML_BSSN_EvolutionInteriorSplitBy3 in CCTK_EVOL" (average)",""[0119] ML_BSSN: ML_BSSN_EvolutionInteriorSplitBy3 in CCTK_EVOL" (minimum)",""[0119] ML_BSSN: ML_BSSN_EvolutionInteriorSplitBy3 in CCTK_EVOL" (maximum)",""[0120] MoL: MoL_Add in CCTK_EVOL" (average)",""[0120] MoL: MoL_Add in CCTK_EVOL" (minimum)",""[0120] MoL: MoL_Add in CCTK_EVOL" (maximum)",""[0121] MoL: MoL_DecrementCounter in CCTK_EVOL" (average)",""[0121] MoL: MoL_DecrementCounter in CCTK_EVOL" (minimum)",""[0121] MoL: MoL_DecrementCounter in CCTK_EVOL" (maximum)",""[0122] MoL: MoL_ResetTime in CCTK_EVOL" (average)",""[0122] MoL: MoL_ResetTime in CCTK_EVOL" (minimum)",""[0122] MoL: MoL_ResetTime in CCTK_EVOL" (maximum)",""[0123] ML_BSSN: ML_BSSN_EnforceEverywhere in CCTK_EVOL" (average)",""[0123] ML_BSSN: ML_BSSN_EnforceEverywhere in CCTK_EVOL" (minimum)",""[0123] ML_BSSN: ML_BSSN_EnforceEverywhere in CCTK_EVOL" (maximum)",""[0124] ADMBase: ADMBase_Boundaries in CCTK_EVOL" (average)",""[0124] ADMBase: ADMBase_Boundaries in CCTK_EVOL" (minimum)",""[0124] ADMBase: ADMBase_Boundaries in CCTK_EVOL" (maximum)",""[0125] Boundary: Boundary_ApplyPhysicalBCs in CCTK_EVOL" (average)",""[0125] Boundary: Boundary_ApplyPhysicalBCs in CCTK_EVOL" (minimum)",""[0125] Boundary: Boundary_ApplyPhysicalBCs in CCTK_EVOL" (maximum)",""[0126] CartGrid3D: CartGrid3D_ApplyBC in CCTK_EVOL" (average)",""[0126] CartGrid3D: CartGrid3D_ApplyBC in CCTK_EVOL" (minimum)",""[0126] CartGrid3D: CartGrid3D_ApplyBC in CCTK_EVOL" (maximum)",""[0127] Boundary: Boundary_ClearSelection in CCTK_EVOL" (average)",""[0127] Boundary: Boundary_ClearSelection in CCTK_EVOL" (minimum)",""[0127] Boundary: Boundary_ClearSelection in CCTK_EVOL" (maximum)",""[0128] ML_BSSN: ML_BSSN_SelectBoundConds in CCTK_EVOL" (average)",""[0128] ML_BSSN: ML_BSSN_SelectBoundConds in CCTK_EVOL" (minimum)",""[0128] ML_BSSN: ML_BSSN_SelectBoundConds in CCTK_EVOL" (maximum)",""[0129] ML_BSSN: ML_BSSN_ADMBaseInterior in CCTK_EVOL" (average)",""[0129] ML_BSSN: ML_BSSN_ADMBaseInterior in CCTK_EVOL" (minimum)",""[0129] ML_BSSN: ML_BSSN_ADMBaseInterior in CCTK_EVOL" (maximum)",""[0130] ML_BSSN: ML_BSSN_ADMBaseBoundaryScalar in CCTK_EVOL" (average)",""[0130] ML_BSSN: ML_BSSN_ADMBaseBoundaryScalar in CCTK_EVOL" (minimum)",""[0130] ML_BSSN: ML_BSSN_ADMBaseBoundaryScalar in CCTK_EVOL" (maximum)",""[0131] ML_BSSN: ML_BSSN_ADMBaseEverywhere in CCTK_EVOL" (average)",""[0131] ML_BSSN: ML_BSSN_ADMBaseEverywhere in CCTK_EVOL" (minimum)",""[0131] ML_BSSN: ML_BSSN_ADMBaseEverywhere in CCTK_EVOL" (maximum)",""[0132] ML_BSSN_Helper: ML_BSSN_ADMBase_SelectBCs in CCTK_EVOL" (average)",""[0132] ML_BSSN_Helper: ML_BSSN_ADMBase_SelectBCs in CCTK_EVOL" (minimum)",""[0132] ML_BSSN_Helper: ML_BSSN_ADMBase_SelectBCs in CCTK_EVOL" (maximum)",""[0133] TmunuBase: TmunuBase_ZeroTmunu in CCTK_EVOL" (average)",""[0133] TmunuBase: TmunuBase_ZeroTmunu in CCTK_EVOL" (minimum)",""[0133] TmunuBase: TmunuBase_ZeroTmunu in CCTK_EVOL" (maximum)",""[0134] MoL: MoL_ResetDeltaTime in CCTK_EVOL" (average)",""[0134] MoL: MoL_ResetDeltaTime in CCTK_EVOL" (minimum)",""[0134] MoL: MoL_ResetDeltaTime in CCTK_EVOL" (maximum)",""[0135] MoL: MoL_FinishLoop in CCTK_EVOL" (average)",""[0135] MoL: MoL_FinishLoop in CCTK_EVOL" (minimum)",""[0135] MoL: MoL_FinishLoop in CCTK_EVOL" (maximum)",""[0136] MoL: MoL_RestoreSandR in CCTK_EVOL" (average)",""[0136] MoL: MoL_RestoreSandR in CCTK_EVOL" (minimum)",""[0136] MoL: MoL_RestoreSandR in CCTK_EVOL" (maximum)",""[0137] MoL: MoL_FreeScratchSpace in CCTK_EVOL" (average)",""[0137] MoL: MoL_FreeScratchSpace in CCTK_EVOL" (minimum)",""[0137] MoL: MoL_FreeScratchSpace in CCTK_EVOL" (maximum)",""[0138] ADMConstraints: ADMConstraints in CCTK_EVOL" (average)",""[0138] ADMConstraints: ADMConstraints in CCTK_EVOL" (minimum)",""[0138] ADMConstraints: ADMConstraints in CCTK_EVOL" (maximum)",""[0139] ADMConstraints: ADMConstraints_Boundaries in CCTK_EVOL" (average)",""[0139] ADMConstraints: ADMConstraints_Boundaries in CCTK_EVOL" (minimum)",""[0139] ADMConstraints: ADMConstraints_Boundaries in CCTK_EVOL" (maximum)",""[0140] ML_BSSN: ML_BSSN_ConstraintsEverywhere in CCTK_EVOL" (average)",""[0140] ML_BSSN: ML_BSSN_ConstraintsEverywhere in CCTK_EVOL" (minimum)",""[0140] ML_BSSN: ML_BSSN_ConstraintsEverywhere in CCTK_EVOL" (maximum)",""[0141] ML_BSSN: ML_BSSN_ConstraintsEverywhere_SelectBCs in CCTK_EVOL" (average)",""[0141] ML_BSSN: ML_BSSN_ConstraintsEverywhere_SelectBCs in CCTK_EVOL" (minimum)",""[0141] ML_BSSN: ML_BSSN_ConstraintsEverywhere_SelectBCs in CCTK_EVOL" (maximum)",""[0142] ML_BSSN: ML_BSSN_ConstraintsInterior in CCTK_EVOL" (average)",""[0142] ML_BSSN: ML_BSSN_ConstraintsInterior in CCTK_EVOL" (minimum)",""[0142] ML_BSSN: ML_BSSN_ConstraintsInterior in CCTK_EVOL" (maximum)",""[0143] ML_BSSN: ML_BSSN_ConstraintsInterior_SelectBCs in CCTK_EVOL" (average)",""[0143] ML_BSSN: ML_BSSN_ConstraintsInterior_SelectBCs in CCTK_EVOL" (minimum)",""[0143] ML_BSSN: ML_BSSN_ConstraintsInterior_SelectBCs in CCTK_EVOL" (maximum)",""[0144] CarpetIOHDF5: CarpetIOHDF5_EvolutionCheckpoint in CCTK_CHECKPOINT" (average)",""[0144] CarpetIOHDF5: CarpetIOHDF5_EvolutionCheckpoint in CCTK_CHECKPOINT" (minimum)",""[0144] CarpetIOHDF5: CarpetIOHDF5_EvolutionCheckpoint in CCTK_CHECKPOINT" (maximum)",""[0145] TimerReport: zzz_TimerReport_Checkpoint in CCTK_CHECKPOINT" (average)",""[0145] TimerReport: zzz_TimerReport_Checkpoint in CCTK_CHECKPOINT" (minimum)",""[0145] TimerReport: zzz_TimerReport_Checkpoint in CCTK_CHECKPOINT" (maximum)",""main" (average)",""main" (minimum)",""main" (maximum)",""main/CarpetStartup" (average)",""main/CarpetStartup" (minimum)",""main/CarpetStartup" (maximum)",""main/CarpetStartup/AllocateGridHierarchy" (average)",""main/CarpetStartup/AllocateGridHierarchy" (minimum)",""main/CarpetStartup/AllocateGridHierarchy" (maximum)",""main/CarpetStartup/CarpetLib::dh::recompose" (average)",""main/CarpetStartup/CarpetLib::dh::recompose" (minimum)",""main/CarpetStartup/CarpetLib::dh::recompose" (maximum)",""main/CarpetStartup/CarpetLib::dh::regrid" (average)",""main/CarpetStartup/CarpetLib::dh::regrid" (minimum)",""main/CarpetStartup/CarpetLib::dh::regrid" (maximum)",""main/CarpetStartup/CarpetLib::gh::regrid" (average)",""main/CarpetStartup/CarpetLib::gh::regrid" (minimum)",""main/CarpetStartup/CarpetLib::gh::regrid" (maximum)",""main/CarpetStartup/CarpetLib::gh::regrid/CarpetLib::dh::regrid" (average)",""main/CarpetStartup/CarpetLib::gh::regrid/CarpetLib::dh::regrid" (minimum)",""main/CarpetStartup/CarpetLib::gh::regrid/CarpetLib::dh::regrid" (maximum)",""main/CarpetStartup/CarpetLib::gh::regrid/CarpetLib::dh::regrid/bcast_boxes" (average)",""main/CarpetStartup/CarpetLib::gh::regrid/CarpetLib::dh::regrid/bcast_boxes" (minimum)",""main/CarpetStartup/CarpetLib::gh::regrid/CarpetLib::dh::regrid/bcast_boxes" (maximum)",""main/CarpetStartup/CarpetLib::gh::regrid/CarpetLib::dh::regrid/bcast_comm" (average)",""main/CarpetStartup/CarpetLib::gh::regrid/CarpetLib::dh::regrid/bcast_comm" (minimum)",""main/CarpetStartup/CarpetLib::gh::regrid/CarpetLib::dh::regrid/bcast_comm" (maximum)",""main/CarpetStartup/CarpetLib::gh::regrid/CarpetLib::dh::regrid/bcast_comm/old2new_ref_prol" (average)",""main/CarpetStartup/CarpetLib::gh::regrid/CarpetLib::dh::regrid/bcast_comm/old2new_ref_prol" (minimum)",""main/CarpetStartup/CarpetLib::gh::regrid/CarpetLib::dh::regrid/bcast_comm/old2new_ref_prol" (maximum)",""main/CarpetStartup/CarpetLib::gh::regrid/CarpetLib::dh::regrid/bcast_comm/old2new_ref_prol/CarpetLib" (average)",""main/CarpetStartup/CarpetLib::gh::regrid/CarpetLib::dh::regrid/bcast_comm/old2new_ref_prol/CarpetLib" (minimum)",""main/CarpetStartup/CarpetLib::gh::regrid/CarpetLib::dh::regrid/bcast_comm/old2new_ref_prol/CarpetLib" (maximum)",""main/CarpetStartup/CarpetLib::gh::regrid/CarpetLib::dh::regrid/bcast_comm/old2new_sync" (average)",""main/CarpetStartup/CarpetLib::gh::regrid/CarpetLib::dh::regrid/bcast_comm/old2new_sync" (minimum)",""main/CarpetStartup/CarpetLib::gh::regrid/CarpetLib::dh::regrid/bcast_comm/old2new_sync" (maximum)",""main/CarpetStartup/CarpetLib::gh::regrid/CarpetLib::dh::regrid/bcast_comm/old2new_sync/CarpetLib::dh" (average)",""main/CarpetStartup/CarpetLib::gh::regrid/CarpetLib::dh::regrid/bcast_comm/old2new_sync/CarpetLib::dh" (minimum)",""main/CarpetStartup/CarpetLib::gh::regrid/CarpetLib::dh::regrid/bcast_comm/old2new_sync/CarpetLib::dh" (maximum)",""main/CarpetStartup/CarpetLib::gh::regrid/CarpetLib::dh::regrid/bcast_comm/ref_bnd_prol" (average)",""main/CarpetStartup/CarpetLib::gh::regrid/CarpetLib::dh::regrid/bcast_comm/ref_bnd_prol" (minimum)",""main/CarpetStartup/CarpetLib::gh::regrid/CarpetLib::dh::regrid/bcast_comm/ref_bnd_prol" (maximum)",""main/CarpetStartup/CarpetLib::gh::regrid/CarpetLib::dh::regrid/bcast_comm/ref_bnd_prol/CarpetLib::dh" (average)",""main/CarpetStartup/CarpetLib::gh::regrid/CarpetLib::dh::regrid/bcast_comm/ref_bnd_prol/CarpetLib::dh" (minimum)",""main/CarpetStartup/CarpetLib::gh::regrid/CarpetLib::dh::regrid/bcast_comm/ref_bnd_prol/CarpetLib::dh" (maximum)",""main/CarpetStartup/CarpetLib::gh::regrid/CarpetLib::dh::regrid/bcast_comm/ref_prol" (average)",""main/CarpetStartup/CarpetLib::gh::regrid/CarpetLib::dh::regrid/bcast_comm/ref_prol" (minimum)",""main/CarpetStartup/CarpetLib::gh::regrid/CarpetLib::dh::regrid/bcast_comm/ref_prol" (maximum)",""main/CarpetStartup/CarpetLib::gh::regrid/CarpetLib::dh::regrid/bcast_comm/ref_prol/CarpetLib::dh::bs" (average)",""main/CarpetStartup/CarpetLib::gh::regrid/CarpetLib::dh::regrid/bcast_comm/ref_prol/CarpetLib::dh::bs" (minimum)",""main/CarpetStartup/CarpetLib::gh::regrid/CarpetLib::dh::regrid/bcast_comm/ref_prol/CarpetLib::dh::bs" (maximum)",""main/CarpetStartup/CarpetLib::gh::regrid/CarpetLib::dh::regrid/bcast_comm/ref_refl_prol" (average)",""main/CarpetStartup/CarpetLib::gh::regrid/CarpetLib::dh::regrid/bcast_comm/ref_refl_prol" (minimum)",""main/CarpetStartup/CarpetLib::gh::regrid/CarpetLib::dh::regrid/bcast_comm/ref_refl_prol" (maximum)",""main/CarpetStartup/CarpetLib::gh::regrid/CarpetLib::dh::regrid/bcast_comm/ref_refl_prol/CarpetLib::d" (average)",""main/CarpetStartup/CarpetLib::gh::regrid/CarpetLib::dh::regrid/bcast_comm/ref_refl_prol/CarpetLib::d" (minimum)",""main/CarpetStartup/CarpetLib::gh::regrid/CarpetLib::dh::regrid/bcast_comm/ref_refl_prol/CarpetLib::d" (maximum)",""main/CarpetStartup/CarpetLib::gh::regrid/CarpetLib::dh::regrid/bcast_comm/sync" (average)",""main/CarpetStartup/CarpetLib::gh::regrid/CarpetLib::dh::regrid/bcast_comm/sync" (minimum)",""main/CarpetStartup/CarpetLib::gh::regrid/CarpetLib::dh::regrid/bcast_comm/sync" (maximum)",""main/CarpetStartup/CarpetLib::gh::regrid/CarpetLib::dh::regrid/bcast_comm/sync/CarpetLib::dh::bs1" (average)",""main/CarpetStartup/CarpetLib::gh::regrid/CarpetLib::dh::regrid/bcast_comm/sync/CarpetLib::dh::bs1" (minimum)",""main/CarpetStartup/CarpetLib::gh::regrid/CarpetLib::dh::regrid/bcast_comm/sync/CarpetLib::dh::bs1" (maximum)",""main/CarpetStartup/CarpetLib::gh::regrid/CarpetLib::dh::regrid/bcast_comm/sync/CarpetLib::dh::bs2" (average)",""main/CarpetStartup/CarpetLib::gh::regrid/CarpetLib::dh::regrid/bcast_comm/sync/CarpetLib::dh::bs2" (minimum)",""main/CarpetStartup/CarpetLib::gh::regrid/CarpetLib::dh::regrid/bcast_comm/sync/CarpetLib::dh::bs2" (maximum)",""main/CarpetStartup/CarpetLib::gh::regrid/CarpetLib::dh::regrid/bcast_comm/sync/CarpetLib::dh::bs3" (average)",""main/CarpetStartup/CarpetLib::gh::regrid/CarpetLib::dh::regrid/bcast_comm/sync/CarpetLib::dh::bs3" (minimum)",""main/CarpetStartup/CarpetLib::gh::regrid/CarpetLib::dh::regrid/bcast_comm/sync/CarpetLib::dh::bs3" (maximum)",""main/CarpetStartup/CarpetLib::gh::regrid/CarpetLib::dh::regrid/buffers" (average)",""main/CarpetStartup/CarpetLib::gh::regrid/CarpetLib::dh::regrid/buffers" (minimum)",""main/CarpetStartup/CarpetLib::gh::regrid/CarpetLib::dh::regrid/buffers" (maximum)",""main/CarpetStartup/CarpetLib::gh::regrid/CarpetLib::dh::regrid/comm" (average)",""main/CarpetStartup/CarpetLib::gh::regrid/CarpetLib::dh::regrid/comm" (minimum)",""main/CarpetStartup/CarpetLib::gh::regrid/CarpetLib::dh::regrid/comm" (maximum)",""main/CarpetStartup/CarpetLib::gh::regrid/CarpetLib::dh::regrid/comm/mgprol" (average)",""main/CarpetStartup/CarpetLib::gh::regrid/CarpetLib::dh::regrid/comm/mgprol" (minimum)",""main/CarpetStartup/CarpetLib::gh::regrid/CarpetLib::dh::regrid/comm/mgprol" (maximum)",""main/CarpetStartup/CarpetLib::gh::regrid/CarpetLib::dh::regrid/comm/mgrest" (average)",""main/CarpetStartup/CarpetLib::gh::regrid/CarpetLib::dh::regrid/comm/mgrest" (minimum)",""main/CarpetStartup/CarpetLib::gh::regrid/CarpetLib::dh::regrid/comm/mgrest" (maximum)",""main/CarpetStartup/CarpetLib::gh::regrid/CarpetLib::dh::regrid/comm/refbndprol" (average)",""main/CarpetStartup/CarpetLib::gh::regrid/CarpetLib::dh::regrid/comm/refbndprol" (minimum)",""main/CarpetStartup/CarpetLib::gh::regrid/CarpetLib::dh::regrid/comm/refbndprol" (maximum)",""main/CarpetStartup/CarpetLib::gh::regrid/CarpetLib::dh::regrid/comm/reflux" (average)",""main/CarpetStartup/CarpetLib::gh::regrid/CarpetLib::dh::regrid/comm/reflux" (minimum)",""main/CarpetStartup/CarpetLib::gh::regrid/CarpetLib::dh::regrid/comm/reflux" (maximum)",""main/CarpetStartup/CarpetLib::gh::regrid/CarpetLib::dh::regrid/comm/refprol" (average)",""main/CarpetStartup/CarpetLib::gh::regrid/CarpetLib::dh::regrid/comm/refprol" (minimum)",""main/CarpetStartup/CarpetLib::gh::regrid/CarpetLib::dh::regrid/comm/refprol" (maximum)",""main/CarpetStartup/CarpetLib::gh::regrid/CarpetLib::dh::regrid/comm/refrest" (average)",""main/CarpetStartup/CarpetLib::gh::regrid/CarpetLib::dh::regrid/comm/refrest" (minimum)",""main/CarpetStartup/CarpetLib::gh::regrid/CarpetLib::dh::regrid/comm/refrest" (maximum)",""main/CarpetStartup/CarpetLib::gh::regrid/CarpetLib::dh::regrid/comm/sync" (average)",""main/CarpetStartup/CarpetLib::gh::regrid/CarpetLib::dh::regrid/comm/sync" (minimum)",""main/CarpetStartup/CarpetLib::gh::regrid/CarpetLib::dh::regrid/comm/sync" (maximum)",""main/CarpetStartup/CarpetLib::gh::regrid/CarpetLib::dh::regrid/domain" (average)",""main/CarpetStartup/CarpetLib::gh::regrid/CarpetLib::dh::regrid/domain" (minimum)",""main/CarpetStartup/CarpetLib::gh::regrid/CarpetLib::dh::regrid/domain" (maximum)",""main/CarpetStartup/CarpetLib::gh::regrid/CarpetLib::dh::regrid/mask" (average)",""main/CarpetStartup/CarpetLib::gh::regrid/CarpetLib::dh::regrid/mask" (minimum)",""main/CarpetStartup/CarpetLib::gh::regrid/CarpetLib::dh::regrid/mask" (maximum)",""main/CarpetStartup/CarpetLib::gh::regrid/CarpetLib::dh::regrid/region" (average)",""main/CarpetStartup/CarpetLib::gh::regrid/CarpetLib::dh::regrid/region" (minimum)",""main/CarpetStartup/CarpetLib::gh::regrid/CarpetLib::dh::regrid/region" (maximum)",""main/CarpetStartup/CarpetLib::gh::regrid/CarpetLib::dh::regrid/test" (average)",""main/CarpetStartup/CarpetLib::gh::regrid/CarpetLib::dh::regrid/test" (minimum)",""main/CarpetStartup/CarpetLib::gh::regrid/CarpetLib::dh::regrid/test" (maximum)",""main/CarpetStartup/CarpetLib::gh::regrid/CarpetLib::dh::regrid/unusedpoints_mask" (average)",""main/CarpetStartup/CarpetLib::gh::regrid/CarpetLib::dh::regrid/unusedpoints_mask" (minimum)",""main/CarpetStartup/CarpetLib::gh::regrid/CarpetLib::dh::regrid/unusedpoints_mask" (maximum)",""main/CarpetStartup/CheckRegions" (average)",""main/CarpetStartup/CheckRegions" (minimum)",""main/CarpetStartup/CheckRegions" (maximum)",""main/Evolve" (average)",""main/Evolve" (minimum)",""main/Evolve" (maximum)",""main/Evolve/AdvanceTime" (average)",""main/Evolve/AdvanceTime" (minimum)",""main/Evolve/AdvanceTime" (maximum)",""main/Evolve/CallAnalysis" (average)",""main/Evolve/CallAnalysis" (minimum)",""main/Evolve/CallAnalysis" (maximum)",""main/Evolve/CallAnalysis/CCTK_ANALYSIS" (average)",""main/Evolve/CallAnalysis/CCTK_ANALYSIS" (minimum)",""main/Evolve/CallAnalysis/CCTK_ANALYSIS" (maximum)",""main/Evolve/CallAnalysis/CCTK_ANALYSIS/CallFunction" (average)",""main/Evolve/CallAnalysis/CCTK_ANALYSIS/CallFunction" (minimum)",""main/Evolve/CallAnalysis/CCTK_ANALYSIS/CallFunction" (maximum)",""main/Evolve/CallAnalysis/CCTK_ANALYSIS/CallFunction/thorns" (average)",""main/Evolve/CallAnalysis/CCTK_ANALYSIS/CallFunction/thorns" (minimum)",""main/Evolve/CallAnalysis/CCTK_ANALYSIS/CallFunction/thorns" (maximum)",""main/Evolve/CallAnalysis/CCTK_ANALYSIS/CallFunction/thorns/CarpetLib_printmemstats" (average)",""main/Evolve/CallAnalysis/CCTK_ANALYSIS/CallFunction/thorns/CarpetLib_printmemstats" (minimum)",""main/Evolve/CallAnalysis/CCTK_ANALYSIS/CallFunction/thorns/CarpetLib_printmemstats" (maximum)",""main/Evolve/CallAnalysis/CCTK_ANALYSIS/CallFunction/thorns/CarpetLib_printtimestats" (average)",""main/Evolve/CallAnalysis/CCTK_ANALYSIS/CallFunction/thorns/CarpetLib_printtimestats" (minimum)",""main/Evolve/CallAnalysis/CCTK_ANALYSIS/CallFunction/thorns/CarpetLib_printtimestats" (maximum)",""main/Evolve/CallAnalysis/CCTK_ANALYSIS/CallFunction/thorns/lc_statistics_analysis" (average)",""main/Evolve/CallAnalysis/CCTK_ANALYSIS/CallFunction/thorns/lc_statistics_analysis" (minimum)",""main/Evolve/CallAnalysis/CCTK_ANALYSIS/CallFunction/thorns/lc_statistics_analysis" (maximum)",""main/Evolve/CallAnalysis/CCTK_ANALYSIS/CallFunction/thorns/zzz_TimerReport_Output" (average)",""main/Evolve/CallAnalysis/CCTK_ANALYSIS/CallFunction/thorns/zzz_TimerReport_Output" (minimum)",""main/Evolve/CallAnalysis/CCTK_ANALYSIS/CallFunction/thorns/zzz_TimerReport_Output" (maximum)",""main/Evolve/CallAnalysis/CCTK_CHECKPOINT" (average)",""main/Evolve/CallAnalysis/CCTK_CHECKPOINT" (minimum)",""main/Evolve/CallAnalysis/CCTK_CHECKPOINT" (maximum)",""main/Evolve/CallAnalysis/CCTK_CHECKPOINT/CallFunction" (average)",""main/Evolve/CallAnalysis/CCTK_CHECKPOINT/CallFunction" (minimum)",""main/Evolve/CallAnalysis/CCTK_CHECKPOINT/CallFunction" (maximum)",""main/Evolve/CallAnalysis/CCTK_CHECKPOINT/CallFunction/thorns" (average)",""main/Evolve/CallAnalysis/CCTK_CHECKPOINT/CallFunction/thorns" (minimum)",""main/Evolve/CallAnalysis/CCTK_CHECKPOINT/CallFunction/thorns" (maximum)",""main/Evolve/CallAnalysis/CCTK_CHECKPOINT/CallFunction/thorns/CarpetIOHDF5_EvolutionCheckpoint" (average)",""main/Evolve/CallAnalysis/CCTK_CHECKPOINT/CallFunction/thorns/CarpetIOHDF5_EvolutionCheckpoint" (minimum)",""main/Evolve/CallAnalysis/CCTK_CHECKPOINT/CallFunction/thorns/CarpetIOHDF5_EvolutionCheckpoint" (maximum)",""main/Evolve/CallAnalysis/CCTK_CHECKPOINT/CallFunction/thorns/zzz_TimerReport_Checkpoint" (average)",""main/Evolve/CallAnalysis/CCTK_CHECKPOINT/CallFunction/thorns/zzz_TimerReport_Checkpoint" (minimum)",""main/Evolve/CallAnalysis/CCTK_CHECKPOINT/CallFunction/thorns/zzz_TimerReport_Checkpoint" (maximum)",""main/Evolve/CallAnalysis/CCTK_POSTSTEP" (average)",""main/Evolve/CallAnalysis/CCTK_POSTSTEP" (minimum)",""main/Evolve/CallAnalysis/CCTK_POSTSTEP" (maximum)",""main/Evolve/CallEvol" (average)",""main/Evolve/CallEvol" (minimum)",""main/Evolve/CallEvol" (maximum)",""main/Evolve/CallEvol/CCTK_EVOL" (average)",""main/Evolve/CallEvol/CCTK_EVOL" (minimum)",""main/Evolve/CallEvol/CCTK_EVOL" (maximum)",""main/Evolve/CallEvol/CCTK_EVOL/CallFunction" (average)",""main/Evolve/CallEvol/CCTK_EVOL/CallFunction" (minimum)",""main/Evolve/CallEvol/CCTK_EVOL/CallFunction" (maximum)",""main/Evolve/CallEvol/CCTK_EVOL/CallFunction/syncs" (average)",""main/Evolve/CallEvol/CCTK_EVOL/CallFunction/syncs" (minimum)",""main/Evolve/CallEvol/CCTK_EVOL/CallFunction/syncs" (maximum)",""main/Evolve/CallEvol/CCTK_EVOL/CallFunction/syncs/Prolongate" (average)",""main/Evolve/CallEvol/CCTK_EVOL/CallFunction/syncs/Prolongate" (minimum)",""main/Evolve/CallEvol/CCTK_EVOL/CallFunction/syncs/Prolongate" (maximum)",""main/Evolve/CallEvol/CCTK_EVOL/CallFunction/syncs/Sync" (average)",""main/Evolve/CallEvol/CCTK_EVOL/CallFunction/syncs/Sync" (minimum)",""main/Evolve/CallEvol/CCTK_EVOL/CallFunction/syncs/Sync" (maximum)",""main/Evolve/CallEvol/CCTK_EVOL/CallFunction/syncs/Sync/comm_state[0].create" (average)",""main/Evolve/CallEvol/CCTK_EVOL/CallFunction/syncs/Sync/comm_state[0].create" (minimum)",""main/Evolve/CallEvol/CCTK_EVOL/CallFunction/syncs/Sync/comm_state[0].create" (maximum)",""main/Evolve/CallEvol/CCTK_EVOL/CallFunction/syncs/Sync/comm_state[1].state_get_buffer_sizes.user" (average)",""main/Evolve/CallEvol/CCTK_EVOL/CallFunction/syncs/Sync/comm_state[1].state_get_buffer_sizes.user" (minimum)",""main/Evolve/CallEvol/CCTK_EVOL/CallFunction/syncs/Sync/comm_state[1].state_get_buffer_sizes.user" (maximum)",""main/Evolve/CallEvol/CCTK_EVOL/CallFunction/syncs/Sync/comm_state[2].state_get_buffer_sizes.step" (average)",""main/Evolve/CallEvol/CCTK_EVOL/CallFunction/syncs/Sync/comm_state[2].state_get_buffer_sizes.step" (minimum)",""main/Evolve/CallEvol/CCTK_EVOL/CallFunction/syncs/Sync/comm_state[2].state_get_buffer_sizes.step" (maximum)",""main/Evolve/CallEvol/CCTK_EVOL/CallFunction/syncs/Sync/comm_state[3].state_fill_send_buffers.user" (average)",""main/Evolve/CallEvol/CCTK_EVOL/CallFunction/syncs/Sync/comm_state[3].state_fill_send_buffers.user" (minimum)",""main/Evolve/CallEvol/CCTK_EVOL/CallFunction/syncs/Sync/comm_state[3].state_fill_send_buffers.user" (maximum)",""main/Evolve/CallEvol/CCTK_EVOL/CallFunction/syncs/Sync/comm_state[4].state_fill_send_buffers.step" (average)",""main/Evolve/CallEvol/CCTK_EVOL/CallFunction/syncs/Sync/comm_state[4].state_fill_send_buffers.step" (minimum)",""main/Evolve/CallEvol/CCTK_EVOL/CallFunction/syncs/Sync/comm_state[4].state_fill_send_buffers.step" (maximum)",""main/Evolve/CallEvol/CCTK_EVOL/CallFunction/syncs/Sync/comm_state[5].state_do_some_work.user" (average)",""main/Evolve/CallEvol/CCTK_EVOL/CallFunction/syncs/Sync/comm_state[5].state_do_some_work.user" (minimum)",""main/Evolve/CallEvol/CCTK_EVOL/CallFunction/syncs/Sync/comm_state[5].state_do_some_work.user" (maximum)",""main/Evolve/CallEvol/CCTK_EVOL/CallFunction/syncs/Sync/comm_state[6].state_do_some_work.step" (average)",""main/Evolve/CallEvol/CCTK_EVOL/CallFunction/syncs/Sync/comm_state[6].state_do_some_work.step" (minimum)",""main/Evolve/CallEvol/CCTK_EVOL/CallFunction/syncs/Sync/comm_state[6].state_do_some_work.step" (maximum)",""main/Evolve/CallEvol/CCTK_EVOL/CallFunction/syncs/Sync/comm_state[7].state_empty_recv_buffers.user" (average)",""main/Evolve/CallEvol/CCTK_EVOL/CallFunction/syncs/Sync/comm_state[7].state_empty_recv_buffers.user" (minimum)",""main/Evolve/CallEvol/CCTK_EVOL/CallFunction/syncs/Sync/comm_state[7].state_empty_recv_buffers.user" (maximum)",""main/Evolve/CallEvol/CCTK_EVOL/CallFunction/syncs/Sync/comm_state[8].state_empty_recv_buffers.step" (average)",""main/Evolve/CallEvol/CCTK_EVOL/CallFunction/syncs/Sync/comm_state[8].state_empty_recv_buffers.step" (minimum)",""main/Evolve/CallEvol/CCTK_EVOL/CallFunction/syncs/Sync/comm_state[8].state_empty_recv_buffers.step" (maximum)",""main/Evolve/CallEvol/CCTK_EVOL/CallFunction/thorns" (average)",""main/Evolve/CallEvol/CCTK_EVOL/CallFunction/thorns" (minimum)",""main/Evolve/CallEvol/CCTK_EVOL/CallFunction/thorns" (maximum)",""main/Evolve/CallEvol/CCTK_EVOL/CallFunction/thorns/ADMBase_Boundaries" (average)",""main/Evolve/CallEvol/CCTK_EVOL/CallFunction/thorns/ADMBase_Boundaries" (minimum)",""main/Evolve/CallEvol/CCTK_EVOL/CallFunction/thorns/ADMBase_Boundaries" (maximum)",""main/Evolve/CallEvol/CCTK_EVOL/CallFunction/thorns/ADMConstraints" (average)",""main/Evolve/CallEvol/CCTK_EVOL/CallFunction/thorns/ADMConstraints" (minimum)",""main/Evolve/CallEvol/CCTK_EVOL/CallFunction/thorns/ADMConstraints" (maximum)",""main/Evolve/CallEvol/CCTK_EVOL/CallFunction/thorns/ADMConstraints_Boundaries" (average)",""main/Evolve/CallEvol/CCTK_EVOL/CallFunction/thorns/ADMConstraints_Boundaries" (minimum)",""main/Evolve/CallEvol/CCTK_EVOL/CallFunction/thorns/ADMConstraints_Boundaries" (maximum)",""main/Evolve/CallEvol/CCTK_EVOL/CallFunction/thorns/Boundary_ApplyPhysicalBCs" (average)",""main/Evolve/CallEvol/CCTK_EVOL/CallFunction/thorns/Boundary_ApplyPhysicalBCs" (minimum)",""main/Evolve/CallEvol/CCTK_EVOL/CallFunction/thorns/Boundary_ApplyPhysicalBCs" (maximum)",""main/Evolve/CallEvol/CCTK_EVOL/CallFunction/thorns/Boundary_ClearSelection" (average)",""main/Evolve/CallEvol/CCTK_EVOL/CallFunction/thorns/Boundary_ClearSelection" (minimum)",""main/Evolve/CallEvol/CCTK_EVOL/CallFunction/thorns/Boundary_ClearSelection" (maximum)",""main/Evolve/CallEvol/CCTK_EVOL/CallFunction/thorns/CartGrid3D_ApplyBC" (average)",""main/Evolve/CallEvol/CCTK_EVOL/CallFunction/thorns/CartGrid3D_ApplyBC" (minimum)",""main/Evolve/CallEvol/CCTK_EVOL/CallFunction/thorns/CartGrid3D_ApplyBC" (maximum)",""main/Evolve/CallEvol/CCTK_EVOL/CallFunction/thorns/ML_BSSN_ADMBaseBoundaryScalar" (average)",""main/Evolve/CallEvol/CCTK_EVOL/CallFunction/thorns/ML_BSSN_ADMBaseBoundaryScalar" (minimum)",""main/Evolve/CallEvol/CCTK_EVOL/CallFunction/thorns/ML_BSSN_ADMBaseBoundaryScalar" (maximum)",""main/Evolve/CallEvol/CCTK_EVOL/CallFunction/thorns/ML_BSSN_ADMBaseEverywhere" (average)",""main/Evolve/CallEvol/CCTK_EVOL/CallFunction/thorns/ML_BSSN_ADMBaseEverywhere" (minimum)",""main/Evolve/CallEvol/CCTK_EVOL/CallFunction/thorns/ML_BSSN_ADMBaseEverywhere" (maximum)",""main/Evolve/CallEvol/CCTK_EVOL/CallFunction/thorns/ML_BSSN_ADMBaseInterior" (average)",""main/Evolve/CallEvol/CCTK_EVOL/CallFunction/thorns/ML_BSSN_ADMBaseInterior" (minimum)",""main/Evolve/CallEvol/CCTK_EVOL/CallFunction/thorns/ML_BSSN_ADMBaseInterior" (maximum)",""main/Evolve/CallEvol/CCTK_EVOL/CallFunction/thorns/ML_BSSN_ADMBase_SelectBCs" (average)",""main/Evolve/CallEvol/CCTK_EVOL/CallFunction/thorns/ML_BSSN_ADMBase_SelectBCs" (minimum)",""main/Evolve/CallEvol/CCTK_EVOL/CallFunction/thorns/ML_BSSN_ADMBase_SelectBCs" (maximum)",""main/Evolve/CallEvol/CCTK_EVOL/CallFunction/thorns/ML_BSSN_ConstraintsEverywhere" (average)",""main/Evolve/CallEvol/CCTK_EVOL/CallFunction/thorns/ML_BSSN_ConstraintsEverywhere" (minimum)",""main/Evolve/CallEvol/CCTK_EVOL/CallFunction/thorns/ML_BSSN_ConstraintsEverywhere" (maximum)",""main/Evolve/CallEvol/CCTK_EVOL/CallFunction/thorns/ML_BSSN_ConstraintsEverywhere_SelectBCs" (average)",""main/Evolve/CallEvol/CCTK_EVOL/CallFunction/thorns/ML_BSSN_ConstraintsEverywhere_SelectBCs" (minimum)",""main/Evolve/CallEvol/CCTK_EVOL/CallFunction/thorns/ML_BSSN_ConstraintsEverywhere_SelectBCs" (maximum)",""main/Evolve/CallEvol/CCTK_EVOL/CallFunction/thorns/ML_BSSN_ConstraintsInterior" (average)",""main/Evolve/CallEvol/CCTK_EVOL/CallFunction/thorns/ML_BSSN_ConstraintsInterior" (minimum)",""main/Evolve/CallEvol/CCTK_EVOL/CallFunction/thorns/ML_BSSN_ConstraintsInterior" (maximum)",""main/Evolve/CallEvol/CCTK_EVOL/CallFunction/thorns/ML_BSSN_ConstraintsInterior_SelectBCs" (average)",""main/Evolve/CallEvol/CCTK_EVOL/CallFunction/thorns/ML_BSSN_ConstraintsInterior_SelectBCs" (minimum)",""main/Evolve/CallEvol/CCTK_EVOL/CallFunction/thorns/ML_BSSN_ConstraintsInterior_SelectBCs" (maximum)",""main/Evolve/CallEvol/CCTK_EVOL/CallFunction/thorns/ML_BSSN_EnforceEverywhere" (average)",""main/Evolve/CallEvol/CCTK_EVOL/CallFunction/thorns/ML_BSSN_EnforceEverywhere" (minimum)",""main/Evolve/CallEvol/CCTK_EVOL/CallFunction/thorns/ML_BSSN_EnforceEverywhere" (maximum)",""main/Evolve/CallEvol/CCTK_EVOL/CallFunction/thorns/ML_BSSN_EvolutionBoundaryScalar" (average)",""main/Evolve/CallEvol/CCTK_EVOL/CallFunction/thorns/ML_BSSN_EvolutionBoundaryScalar" (minimum)",""main/Evolve/CallEvol/CCTK_EVOL/CallFunction/thorns/ML_BSSN_EvolutionBoundaryScalar" (maximum)",""main/Evolve/CallEvol/CCTK_EVOL/CallFunction/thorns/ML_BSSN_EvolutionInteriorSplitBy1" (average)",""main/Evolve/CallEvol/CCTK_EVOL/CallFunction/thorns/ML_BSSN_EvolutionInteriorSplitBy1" (minimum)",""main/Evolve/CallEvol/CCTK_EVOL/CallFunction/thorns/ML_BSSN_EvolutionInteriorSplitBy1" (maximum)",""main/Evolve/CallEvol/CCTK_EVOL/CallFunction/thorns/ML_BSSN_EvolutionInteriorSplitBy2" (average)",""main/Evolve/CallEvol/CCTK_EVOL/CallFunction/thorns/ML_BSSN_EvolutionInteriorSplitBy2" (minimum)",""main/Evolve/CallEvol/CCTK_EVOL/CallFunction/thorns/ML_BSSN_EvolutionInteriorSplitBy2" (maximum)",""main/Evolve/CallEvol/CCTK_EVOL/CallFunction/thorns/ML_BSSN_EvolutionInteriorSplitBy3" (average)",""main/Evolve/CallEvol/CCTK_EVOL/CallFunction/thorns/ML_BSSN_EvolutionInteriorSplitBy3" (minimum)",""main/Evolve/CallEvol/CCTK_EVOL/CallFunction/thorns/ML_BSSN_EvolutionInteriorSplitBy3" (maximum)",""main/Evolve/CallEvol/CCTK_EVOL/CallFunction/thorns/ML_BSSN_SelectBoundConds" (average)",""main/Evolve/CallEvol/CCTK_EVOL/CallFunction/thorns/ML_BSSN_SelectBoundConds" (minimum)",""main/Evolve/CallEvol/CCTK_EVOL/CallFunction/thorns/ML_BSSN_SelectBoundConds" (maximum)",""main/Evolve/CallEvol/CCTK_EVOL/CallFunction/thorns/MoL_Add" (average)",""main/Evolve/CallEvol/CCTK_EVOL/CallFunction/thorns/MoL_Add" (minimum)",""main/Evolve/CallEvol/CCTK_EVOL/CallFunction/thorns/MoL_Add" (maximum)",""main/Evolve/CallEvol/CCTK_EVOL/CallFunction/thorns/MoL_AllocateScratchSpace" (average)",""main/Evolve/CallEvol/CCTK_EVOL/CallFunction/thorns/MoL_AllocateScratchSpace" (minimum)",""main/Evolve/CallEvol/CCTK_EVOL/CallFunction/thorns/MoL_AllocateScratchSpace" (maximum)",""main/Evolve/CallEvol/CCTK_EVOL/CallFunction/thorns/MoL_DecrementCounter" (average)",""main/Evolve/CallEvol/CCTK_EVOL/CallFunction/thorns/MoL_DecrementCounter" (minimum)",""main/Evolve/CallEvol/CCTK_EVOL/CallFunction/thorns/MoL_DecrementCounter" (maximum)",""main/Evolve/CallEvol/CCTK_EVOL/CallFunction/thorns/MoL_FinishLoop" (average)",""main/Evolve/CallEvol/CCTK_EVOL/CallFunction/thorns/MoL_FinishLoop" (minimum)",""main/Evolve/CallEvol/CCTK_EVOL/CallFunction/thorns/MoL_FinishLoop" (maximum)",""main/Evolve/CallEvol/CCTK_EVOL/CallFunction/thorns/MoL_FreeScratchSpace" (average)",""main/Evolve/CallEvol/CCTK_EVOL/CallFunction/thorns/MoL_FreeScratchSpace" (minimum)",""main/Evolve/CallEvol/CCTK_EVOL/CallFunction/thorns/MoL_FreeScratchSpace" (maximum)",""main/Evolve/CallEvol/CCTK_EVOL/CallFunction/thorns/MoL_InitRHS" (average)",""main/Evolve/CallEvol/CCTK_EVOL/CallFunction/thorns/MoL_InitRHS" (minimum)",""main/Evolve/CallEvol/CCTK_EVOL/CallFunction/thorns/MoL_InitRHS" (maximum)",""main/Evolve/CallEvol/CCTK_EVOL/CallFunction/thorns/MoL_InitialCopy" (average)",""main/Evolve/CallEvol/CCTK_EVOL/CallFunction/thorns/MoL_InitialCopy" (minimum)",""main/Evolve/CallEvol/CCTK_EVOL/CallFunction/thorns/MoL_InitialCopy" (maximum)",""main/Evolve/CallEvol/CCTK_EVOL/CallFunction/thorns/MoL_ResetDeltaTime" (average)",""main/Evolve/CallEvol/CCTK_EVOL/CallFunction/thorns/MoL_ResetDeltaTime" (minimum)",""main/Evolve/CallEvol/CCTK_EVOL/CallFunction/thorns/MoL_ResetDeltaTime" (maximum)",""main/Evolve/CallEvol/CCTK_EVOL/CallFunction/thorns/MoL_ResetTime" (average)",""main/Evolve/CallEvol/CCTK_EVOL/CallFunction/thorns/MoL_ResetTime" (minimum)",""main/Evolve/CallEvol/CCTK_EVOL/CallFunction/thorns/MoL_ResetTime" (maximum)",""main/Evolve/CallEvol/CCTK_EVOL/CallFunction/thorns/MoL_RestoreSandR" (average)",""main/Evolve/CallEvol/CCTK_EVOL/CallFunction/thorns/MoL_RestoreSandR" (minimum)",""main/Evolve/CallEvol/CCTK_EVOL/CallFunction/thorns/MoL_RestoreSandR" (maximum)",""main/Evolve/CallEvol/CCTK_EVOL/CallFunction/thorns/MoL_SetCounter" (average)",""main/Evolve/CallEvol/CCTK_EVOL/CallFunction/thorns/MoL_SetCounter" (minimum)",""main/Evolve/CallEvol/CCTK_EVOL/CallFunction/thorns/MoL_SetCounter" (maximum)",""main/Evolve/CallEvol/CCTK_EVOL/CallFunction/thorns/MoL_SetTime" (average)",""main/Evolve/CallEvol/CCTK_EVOL/CallFunction/thorns/MoL_SetTime" (minimum)",""main/Evolve/CallEvol/CCTK_EVOL/CallFunction/thorns/MoL_SetTime" (maximum)",""main/Evolve/CallEvol/CCTK_EVOL/CallFunction/thorns/MoL_StartLoop" (average)",""main/Evolve/CallEvol/CCTK_EVOL/CallFunction/thorns/MoL_StartLoop" (minimum)",""main/Evolve/CallEvol/CCTK_EVOL/CallFunction/thorns/MoL_StartLoop" (maximum)",""main/Evolve/CallEvol/CCTK_EVOL/CallFunction/thorns/TmunuBase_ZeroTmunu" (average)",""main/Evolve/CallEvol/CCTK_EVOL/CallFunction/thorns/TmunuBase_ZeroTmunu" (minimum)",""main/Evolve/CallEvol/CCTK_EVOL/CallFunction/thorns/TmunuBase_ZeroTmunu" (maximum)",""main/Evolve/CallEvol/CCTK_PRESTEP" (average)",""main/Evolve/CallEvol/CCTK_PRESTEP" (minimum)",""main/Evolve/CallEvol/CCTK_PRESTEP" (maximum)",""main/Evolve/CallEvol/CCTK_PRESTEP/CallFunction" (average)",""main/Evolve/CallEvol/CCTK_PRESTEP/CallFunction" (minimum)",""main/Evolve/CallEvol/CCTK_PRESTEP/CallFunction" (maximum)",""main/Evolve/CallEvol/CCTK_PRESTEP/CallFunction/thorns" (average)",""main/Evolve/CallEvol/CCTK_PRESTEP/CallFunction/thorns" (minimum)",""main/Evolve/CallEvol/CCTK_PRESTEP/CallFunction/thorns" (maximum)",""main/Evolve/CallEvol/CCTK_PRESTEP/CallFunction/thorns/ADMBase_LapseStatic" (average)",""main/Evolve/CallEvol/CCTK_PRESTEP/CallFunction/thorns/ADMBase_LapseStatic" (minimum)",""main/Evolve/CallEvol/CCTK_PRESTEP/CallFunction/thorns/ADMBase_LapseStatic" (maximum)",""main/Evolve/CallEvol/CCTK_PRESTEP/CallFunction/thorns/ADMBase_ShiftStatic" (average)",""main/Evolve/CallEvol/CCTK_PRESTEP/CallFunction/thorns/ADMBase_ShiftStatic" (minimum)",""main/Evolve/CallEvol/CCTK_PRESTEP/CallFunction/thorns/ADMBase_ShiftStatic" (maximum)",""main/Evolve/CallEvol/CCTK_PRESTEP/CallFunction/thorns/Einstein_SetNextSlicing" (average)",""main/Evolve/CallEvol/CCTK_PRESTEP/CallFunction/thorns/Einstein_SetNextSlicing" (minimum)",""main/Evolve/CallEvol/CCTK_PRESTEP/CallFunction/thorns/Einstein_SetNextSlicing" (maximum)",""main/Evolve/CallEvol/CCTK_PRESTEP/CallFunction/thorns/lc_steer" (average)",""main/Evolve/CallEvol/CCTK_PRESTEP/CallFunction/thorns/lc_steer" (minimum)",""main/Evolve/CallEvol/CCTK_PRESTEP/CallFunction/thorns/lc_steer" (maximum)",""main/Evolve/CallEvol/CycleTimeLevels" (average)",""main/Evolve/CallEvol/CycleTimeLevels" (minimum)",""main/Evolve/CallEvol/CycleTimeLevels" (maximum)",""main/Evolve/CallEvol/Poison" (average)",""main/Evolve/CallEvol/Poison" (minimum)",""main/Evolve/CallEvol/Poison" (maximum)",""main/Evolve/CallRegrid" (average)",""main/Evolve/CallRegrid" (minimum)",""main/Evolve/CallRegrid" (maximum)",""main/Evolve/CallRegrid/CCTK_PREREGRID" (average)",""main/Evolve/CallRegrid/CCTK_PREREGRID" (minimum)",""main/Evolve/CallRegrid/CCTK_PREREGRID" (maximum)",""main/Evolve/CallRegrid/Regrid" (average)",""main/Evolve/CallRegrid/Regrid" (minimum)",""main/Evolve/CallRegrid/Regrid" (maximum)",""main/Evolve/CallRegrid/RegridFree" (average)",""main/Evolve/CallRegrid/RegridFree" (minimum)",""main/Evolve/CallRegrid/RegridFree" (maximum)",""main/Evolve/CallRestrict" (average)",""main/Evolve/CallRestrict" (minimum)",""main/Evolve/CallRestrict" (maximum)",""main/Evolve/DoTerminate" (average)",""main/Evolve/DoTerminate" (minimum)",""main/Evolve/DoTerminate" (maximum)",""main/Initialise" (average)",""main/Initialise" (minimum)",""main/Initialise" (maximum)",""main/Initialise/CallAnalysis" (average)",""main/Initialise/CallAnalysis" (minimum)",""main/Initialise/CallAnalysis" (maximum)",""main/Initialise/CallAnalysis/CCTK_ANALYSIS" (average)",""main/Initialise/CallAnalysis/CCTK_ANALYSIS" (minimum)",""main/Initialise/CallAnalysis/CCTK_ANALYSIS" (maximum)",""main/Initialise/CallAnalysis/CCTK_ANALYSIS/CallFunction" (average)",""main/Initialise/CallAnalysis/CCTK_ANALYSIS/CallFunction" (minimum)",""main/Initialise/CallAnalysis/CCTK_ANALYSIS/CallFunction" (maximum)",""main/Initialise/CallAnalysis/CCTK_ANALYSIS/CallFunction/thorns" (average)",""main/Initialise/CallAnalysis/CCTK_ANALYSIS/CallFunction/thorns" (minimum)",""main/Initialise/CallAnalysis/CCTK_ANALYSIS/CallFunction/thorns" (maximum)",""main/Initialise/CallAnalysis/CCTK_ANALYSIS/CallFunction/thorns/CarpetLib_printmemstats" (average)",""main/Initialise/CallAnalysis/CCTK_ANALYSIS/CallFunction/thorns/CarpetLib_printmemstats" (minimum)",""main/Initialise/CallAnalysis/CCTK_ANALYSIS/CallFunction/thorns/CarpetLib_printmemstats" (maximum)",""main/Initialise/CallAnalysis/CCTK_ANALYSIS/CallFunction/thorns/CarpetLib_printtimestats" (average)",""main/Initialise/CallAnalysis/CCTK_ANALYSIS/CallFunction/thorns/CarpetLib_printtimestats" (minimum)",""main/Initialise/CallAnalysis/CCTK_ANALYSIS/CallFunction/thorns/CarpetLib_printtimestats" (maximum)",""main/Initialise/CallAnalysis/CCTK_ANALYSIS/CallFunction/thorns/lc_statistics_analysis" (average)",""main/Initialise/CallAnalysis/CCTK_ANALYSIS/CallFunction/thorns/lc_statistics_analysis" (minimum)",""main/Initialise/CallAnalysis/CCTK_ANALYSIS/CallFunction/thorns/lc_statistics_analysis" (maximum)",""main/Initialise/CallAnalysis/CCTK_ANALYSIS/CallFunction/thorns/zzz_TimerReport_Output" (average)",""main/Initialise/CallAnalysis/CCTK_ANALYSIS/CallFunction/thorns/zzz_TimerReport_Output" (minimum)",""main/Initialise/CallAnalysis/CCTK_ANALYSIS/CallFunction/thorns/zzz_TimerReport_Output" (maximum)",""main/Initialise/CallAnalysis/CCTK_CPINITIAL" (average)",""main/Initialise/CallAnalysis/CCTK_CPINITIAL" (minimum)",""main/Initialise/CallAnalysis/CCTK_CPINITIAL" (maximum)",""main/Initialise/CallAnalysis/CCTK_CPINITIAL/CallFunction" (average)",""main/Initialise/CallAnalysis/CCTK_CPINITIAL/CallFunction" (minimum)",""main/Initialise/CallAnalysis/CCTK_CPINITIAL/CallFunction" (maximum)",""main/Initialise/CallAnalysis/CCTK_CPINITIAL/CallFunction/thorns" (average)",""main/Initialise/CallAnalysis/CCTK_CPINITIAL/CallFunction/thorns" (minimum)",""main/Initialise/CallAnalysis/CCTK_CPINITIAL/CallFunction/thorns" (maximum)",""main/Initialise/CallAnalysis/CCTK_CPINITIAL/CallFunction/thorns/CarpetIOHDF5_InitialDataCheckpoint" (average)",""main/Initialise/CallAnalysis/CCTK_CPINITIAL/CallFunction/thorns/CarpetIOHDF5_InitialDataCheckpoint" (minimum)",""main/Initialise/CallAnalysis/CCTK_CPINITIAL/CallFunction/thorns/CarpetIOHDF5_InitialDataCheckpoint" (maximum)",""main/Initialise/CallAnalysis/OutputGH" (average)",""main/Initialise/CallAnalysis/OutputGH" (minimum)",""main/Initialise/CallAnalysis/OutputGH" (maximum)",""main/Initialise/CallAnalysis/OutputGH/OutputGH" (average)",""main/Initialise/CallAnalysis/OutputGH/OutputGH" (minimum)",""main/Initialise/CallAnalysis/OutputGH/OutputGH" (maximum)",""main/Initialise/CallAnalysis/OutputGH/OutputGH/IOASCII::IOASCII_0D [0]" (average)",""main/Initialise/CallAnalysis/OutputGH/OutputGH/IOASCII::IOASCII_0D [0]" (minimum)",""main/Initialise/CallAnalysis/OutputGH/OutputGH/IOASCII::IOASCII_0D [0]" (maximum)",""main/Initialise/CallAnalysis/OutputGH/OutputGH/IOASCII::IOASCII_0D [0]/OutputGH<0>" (average)",""main/Initialise/CallAnalysis/OutputGH/OutputGH/IOASCII::IOASCII_0D [0]/OutputGH<0>" (minimum)",""main/Initialise/CallAnalysis/OutputGH/OutputGH/IOASCII::IOASCII_0D [0]/OutputGH<0>" (maximum)",""main/Initialise/CallAnalysis/OutputGH/OutputGH/IOASCII::IOASCII_1D [1]" (average)",""main/Initialise/CallAnalysis/OutputGH/OutputGH/IOASCII::IOASCII_1D [1]" (minimum)",""main/Initialise/CallAnalysis/OutputGH/OutputGH/IOASCII::IOASCII_1D [1]" (maximum)",""main/Initialise/CallAnalysis/OutputGH/OutputGH/IOASCII::IOASCII_1D [1]/OutputGH<1>" (average)",""main/Initialise/CallAnalysis/OutputGH/OutputGH/IOASCII::IOASCII_1D [1]/OutputGH<1>" (minimum)",""main/Initialise/CallAnalysis/OutputGH/OutputGH/IOASCII::IOASCII_1D [1]/OutputGH<1>" (maximum)",""main/Initialise/CallAnalysis/OutputGH/OutputGH/IOASCII::IOASCII_2D [2]" (average)",""main/Initialise/CallAnalysis/OutputGH/OutputGH/IOASCII::IOASCII_2D [2]" (minimum)",""main/Initialise/CallAnalysis/OutputGH/OutputGH/IOASCII::IOASCII_2D [2]" (maximum)",""main/Initialise/CallAnalysis/OutputGH/OutputGH/IOASCII::IOASCII_2D [2]/OutputGH<2>" (average)",""main/Initialise/CallAnalysis/OutputGH/OutputGH/IOASCII::IOASCII_2D [2]/OutputGH<2>" (minimum)",""main/Initialise/CallAnalysis/OutputGH/OutputGH/IOASCII::IOASCII_2D [2]/OutputGH<2>" (maximum)",""main/Initialise/CallAnalysis/OutputGH/OutputGH/IOASCII::IOASCII_3D [3]" (average)",""main/Initialise/CallAnalysis/OutputGH/OutputGH/IOASCII::IOASCII_3D [3]" (minimum)",""main/Initialise/CallAnalysis/OutputGH/OutputGH/IOASCII::IOASCII_3D [3]" (maximum)",""main/Initialise/CallAnalysis/OutputGH/OutputGH/IOASCII::IOASCII_3D [3]/OutputGH<3>" (average)",""main/Initialise/CallAnalysis/OutputGH/OutputGH/IOASCII::IOASCII_3D [3]/OutputGH<3>" (minimum)",""main/Initialise/CallAnalysis/OutputGH/OutputGH/IOASCII::IOASCII_3D [3]/OutputGH<3>" (maximum)",""main/Initialise/CallAnalysis/OutputGH/OutputGH/IOBasic::CarpetIOBasic [4]" (average)",""main/Initialise/CallAnalysis/OutputGH/OutputGH/IOBasic::CarpetIOBasic [4]" (minimum)",""main/Initialise/CallAnalysis/OutputGH/OutputGH/IOBasic::CarpetIOBasic [4]" (maximum)",""main/Initialise/CallAnalysis/OutputGH/OutputGH/IOBasic::CarpetIOBasic [4]/OutputGH" (average)",""main/Initialise/CallAnalysis/OutputGH/OutputGH/IOBasic::CarpetIOBasic [4]/OutputGH" (minimum)",""main/Initialise/CallAnalysis/OutputGH/OutputGH/IOBasic::CarpetIOBasic [4]/OutputGH" (maximum)",""main/Initialise/CallAnalysis/OutputGH/OutputGH/IOHDF5::IOHDF5 [10]" (average)",""main/Initialise/CallAnalysis/OutputGH/OutputGH/IOHDF5::IOHDF5 [10]" (minimum)",""main/Initialise/CallAnalysis/OutputGH/OutputGH/IOHDF5::IOHDF5 [10]" (maximum)",""main/Initialise/CallAnalysis/OutputGH/OutputGH/IOHDF5::IOHDF5 [10]/OutputGH" (average)",""main/Initialise/CallAnalysis/OutputGH/OutputGH/IOHDF5::IOHDF5 [10]/OutputGH" (minimum)",""main/Initialise/CallAnalysis/OutputGH/OutputGH/IOHDF5::IOHDF5 [10]/OutputGH" (maximum)",""main/Initialise/CallAnalysis/OutputGH/OutputGH/IOHDF5::IOHDF5_0D [5]" (average)",""main/Initialise/CallAnalysis/OutputGH/OutputGH/IOHDF5::IOHDF5_0D [5]" (minimum)",""main/Initialise/CallAnalysis/OutputGH/OutputGH/IOHDF5::IOHDF5_0D [5]" (maximum)",""main/Initialise/CallAnalysis/OutputGH/OutputGH/IOHDF5::IOHDF5_0D [5]/OutputGH<0>" (average)",""main/Initialise/CallAnalysis/OutputGH/OutputGH/IOHDF5::IOHDF5_0D [5]/OutputGH<0>" (minimum)",""main/Initialise/CallAnalysis/OutputGH/OutputGH/IOHDF5::IOHDF5_0D [5]/OutputGH<0>" (maximum)",""main/Initialise/CallAnalysis/OutputGH/OutputGH/IOHDF5::IOHDF5_1D [6]" (average)",""main/Initialise/CallAnalysis/OutputGH/OutputGH/IOHDF5::IOHDF5_1D [6]" (minimum)",""main/Initialise/CallAnalysis/OutputGH/OutputGH/IOHDF5::IOHDF5_1D [6]" (maximum)",""main/Initialise/CallAnalysis/OutputGH/OutputGH/IOHDF5::IOHDF5_1D [6]/OutputGH<1>" (average)",""main/Initialise/CallAnalysis/OutputGH/OutputGH/IOHDF5::IOHDF5_1D [6]/OutputGH<1>" (minimum)",""main/Initialise/CallAnalysis/OutputGH/OutputGH/IOHDF5::IOHDF5_1D [6]/OutputGH<1>" (maximum)",""main/Initialise/CallAnalysis/OutputGH/OutputGH/IOHDF5::IOHDF5_2D [7]" (average)",""main/Initialise/CallAnalysis/OutputGH/OutputGH/IOHDF5::IOHDF5_2D [7]" (minimum)",""main/Initialise/CallAnalysis/OutputGH/OutputGH/IOHDF5::IOHDF5_2D [7]" (maximum)",""main/Initialise/CallAnalysis/OutputGH/OutputGH/IOHDF5::IOHDF5_2D [7]/OutputGH<2>" (average)",""main/Initialise/CallAnalysis/OutputGH/OutputGH/IOHDF5::IOHDF5_2D [7]/OutputGH<2>" (minimum)",""main/Initialise/CallAnalysis/OutputGH/OutputGH/IOHDF5::IOHDF5_2D [7]/OutputGH<2>" (maximum)",""main/Initialise/CallAnalysis/OutputGH/OutputGH/IOHDF5::IOHDF5_3D [8]" (average)",""main/Initialise/CallAnalysis/OutputGH/OutputGH/IOHDF5::IOHDF5_3D [8]" (minimum)",""main/Initialise/CallAnalysis/OutputGH/OutputGH/IOHDF5::IOHDF5_3D [8]" (maximum)",""main/Initialise/CallAnalysis/OutputGH/OutputGH/IOHDF5::IOHDF5_3D [8]/OutputGH<3>" (average)",""main/Initialise/CallAnalysis/OutputGH/OutputGH/IOHDF5::IOHDF5_3D [8]/OutputGH<3>" (minimum)",""main/Initialise/CallAnalysis/OutputGH/OutputGH/IOHDF5::IOHDF5_3D [8]/OutputGH<3>" (maximum)",""main/Initialise/CallAnalysis/OutputGH/OutputGH/IOScalar::CarpetIOScalar [9]" (average)",""main/Initialise/CallAnalysis/OutputGH/OutputGH/IOScalar::CarpetIOScalar [9]" (minimum)",""main/Initialise/CallAnalysis/OutputGH/OutputGH/IOScalar::CarpetIOScalar [9]" (maximum)",""main/Initialise/CallAnalysis/OutputGH/OutputGH/IOScalar::CarpetIOScalar [9]/OutputGH" (average)",""main/Initialise/CallAnalysis/OutputGH/OutputGH/IOScalar::CarpetIOScalar [9]/OutputGH" (minimum)",""main/Initialise/CallAnalysis/OutputGH/OutputGH/IOScalar::CarpetIOScalar [9]/OutputGH" (maximum)",""main/Initialise/CallInitial" (average)",""main/Initialise/CallInitial" (minimum)",""main/Initialise/CallInitial" (maximum)",""main/Initialise/CallInitial/CCTK_BASEGRID" (average)",""main/Initialise/CallInitial/CCTK_BASEGRID" (minimum)",""main/Initialise/CallInitial/CCTK_BASEGRID" (maximum)",""main/Initialise/CallInitial/CCTK_BASEGRID/CallFunction" (average)",""main/Initialise/CallInitial/CCTK_BASEGRID/CallFunction" (minimum)",""main/Initialise/CallInitial/CCTK_BASEGRID/CallFunction" (maximum)",""main/Initialise/CallInitial/CCTK_BASEGRID/CallFunction/thorns" (average)",""main/Initialise/CallInitial/CCTK_BASEGRID/CallFunction/thorns" (minimum)",""main/Initialise/CallInitial/CCTK_BASEGRID/CallFunction/thorns" (maximum)",""main/Initialise/CallInitial/CCTK_BASEGRID/CallFunction/thorns/ADMBase_SetDtLapseStateOn" (average)",""main/Initialise/CallInitial/CCTK_BASEGRID/CallFunction/thorns/ADMBase_SetDtLapseStateOn" (minimum)",""main/Initialise/CallInitial/CCTK_BASEGRID/CallFunction/thorns/ADMBase_SetDtLapseStateOn" (maximum)",""main/Initialise/CallInitial/CCTK_BASEGRID/CallFunction/thorns/ADMBase_SetDtShiftStateOn" (average)",""main/Initialise/CallInitial/CCTK_BASEGRID/CallFunction/thorns/ADMBase_SetDtShiftStateOn" (minimum)",""main/Initialise/CallInitial/CCTK_BASEGRID/CallFunction/thorns/ADMBase_SetDtShiftStateOn" (maximum)",""main/Initialise/CallInitial/CCTK_BASEGRID/CallFunction/thorns/ADMBase_SetShiftStateOn" (average)",""main/Initialise/CallInitial/CCTK_BASEGRID/CallFunction/thorns/ADMBase_SetShiftStateOn" (minimum)",""main/Initialise/CallInitial/CCTK_BASEGRID/CallFunction/thorns/ADMBase_SetShiftStateOn" (maximum)",""main/Initialise/CallInitial/CCTK_BASEGRID/CallFunction/thorns/ADMMacros_SetLocalSpatialOrder" (average)",""main/Initialise/CallInitial/CCTK_BASEGRID/CallFunction/thorns/ADMMacros_SetLocalSpatialOrder" (minimum)",""main/Initialise/CallInitial/CCTK_BASEGRID/CallFunction/thorns/ADMMacros_SetLocalSpatialOrder" (maximum)",""main/Initialise/CallInitial/CCTK_BASEGRID/CallFunction/thorns/CarpetMaskSetup" (average)",""main/Initialise/CallInitial/CCTK_BASEGRID/CallFunction/thorns/CarpetMaskSetup" (minimum)",""main/Initialise/CallInitial/CCTK_BASEGRID/CallFunction/thorns/CarpetMaskSetup" (maximum)",""main/Initialise/CallInitial/CCTK_BASEGRID/CallFunction/thorns/CoordBase_SetupMask" (average)",""main/Initialise/CallInitial/CCTK_BASEGRID/CallFunction/thorns/CoordBase_SetupMask" (minimum)",""main/Initialise/CallInitial/CCTK_BASEGRID/CallFunction/thorns/CoordBase_SetupMask" (maximum)",""main/Initialise/CallInitial/CCTK_BASEGRID/CallFunction/thorns/ML_BSSN_CheckBoundaries" (average)",""main/Initialise/CallInitial/CCTK_BASEGRID/CallFunction/thorns/ML_BSSN_CheckBoundaries" (minimum)",""main/Initialise/CallInitial/CCTK_BASEGRID/CallFunction/thorns/ML_BSSN_CheckBoundaries" (maximum)",""main/Initialise/CallInitial/CCTK_BASEGRID/CallFunction/thorns/MaskBase_AllocateMask" (average)",""main/Initialise/CallInitial/CCTK_BASEGRID/CallFunction/thorns/MaskBase_AllocateMask" (minimum)",""main/Initialise/CallInitial/CCTK_BASEGRID/CallFunction/thorns/MaskBase_AllocateMask" (maximum)",""main/Initialise/CallInitial/CCTK_BASEGRID/CallFunction/thorns/MaskBase_InitMask" (average)",""main/Initialise/CallInitial/CCTK_BASEGRID/CallFunction/thorns/MaskBase_InitMask" (minimum)",""main/Initialise/CallInitial/CCTK_BASEGRID/CallFunction/thorns/MaskBase_InitMask" (maximum)",""main/Initialise/CallInitial/CCTK_BASEGRID/CallFunction/thorns/MaskBase_SetMask" (average)",""main/Initialise/CallInitial/CCTK_BASEGRID/CallFunction/thorns/MaskBase_SetMask" (minimum)",""main/Initialise/CallInitial/CCTK_BASEGRID/CallFunction/thorns/MaskBase_SetMask" (maximum)",""main/Initialise/CallInitial/CCTK_BASEGRID/CallFunction/thorns/MaskBase_TestMask" (average)",""main/Initialise/CallInitial/CCTK_BASEGRID/CallFunction/thorns/MaskBase_TestMask" (minimum)",""main/Initialise/CallInitial/CCTK_BASEGRID/CallFunction/thorns/MaskBase_TestMask" (maximum)",""main/Initialise/CallInitial/CCTK_BASEGRID/CallFunction/thorns/SpatialCoordinates" (average)",""main/Initialise/CallInitial/CCTK_BASEGRID/CallFunction/thorns/SpatialCoordinates" (minimum)",""main/Initialise/CallInitial/CCTK_BASEGRID/CallFunction/thorns/SpatialCoordinates" (maximum)",""main/Initialise/CallInitial/CCTK_BASEGRID/CallFunction/thorns/SpatialSpacings" (average)",""main/Initialise/CallInitial/CCTK_BASEGRID/CallFunction/thorns/SpatialSpacings" (minimum)",""main/Initialise/CallInitial/CCTK_BASEGRID/CallFunction/thorns/SpatialSpacings" (maximum)",""main/Initialise/CallInitial/CCTK_BASEGRID/CallFunction/thorns/SymBase_Check" (average)",""main/Initialise/CallInitial/CCTK_BASEGRID/CallFunction/thorns/SymBase_Check" (minimum)",""main/Initialise/CallInitial/CCTK_BASEGRID/CallFunction/thorns/SymBase_Check" (maximum)",""main/Initialise/CallInitial/CCTK_BASEGRID/CallFunction/thorns/TemporalSpacings" (average)",""main/Initialise/CallInitial/CCTK_BASEGRID/CallFunction/thorns/TemporalSpacings" (minimum)",""main/Initialise/CallInitial/CCTK_BASEGRID/CallFunction/thorns/TemporalSpacings" (maximum)",""main/Initialise/CallInitial/CCTK_BASEGRID/CallFunction/thorns/Time_Initialise" (average)",""main/Initialise/CallInitial/CCTK_BASEGRID/CallFunction/thorns/Time_Initialise" (minimum)",""main/Initialise/CallInitial/CCTK_BASEGRID/CallFunction/thorns/Time_Initialise" (maximum)",""main/Initialise/CallInitial/CCTK_BASEGRID/CarpetLib::ggf::recompose_allocate" (average)",""main/Initialise/CallInitial/CCTK_BASEGRID/CarpetLib::ggf::recompose_allocate" (minimum)",""main/Initialise/CallInitial/CCTK_BASEGRID/CarpetLib::ggf::recompose_allocate" (maximum)",""main/Initialise/CallInitial/CCTK_BASEGRID/CarpetLib::ggf::recompose_crop" (average)",""main/Initialise/CallInitial/CCTK_BASEGRID/CarpetLib::ggf::recompose_crop" (minimum)",""main/Initialise/CallInitial/CCTK_BASEGRID/CarpetLib::ggf::recompose_crop" (maximum)",""main/Initialise/CallInitial/CCTK_BASEGRID/dh::recompose_free_old" (average)",""main/Initialise/CallInitial/CCTK_BASEGRID/dh::recompose_free_old" (minimum)",""main/Initialise/CallInitial/CCTK_BASEGRID/dh::recompose_free_old" (maximum)",""main/Initialise/CallInitial/CCTK_INITIAL" (average)",""main/Initialise/CallInitial/CCTK_INITIAL" (minimum)",""main/Initialise/CallInitial/CCTK_INITIAL" (maximum)",""main/Initialise/CallInitial/CCTK_INITIAL/CallFunction" (average)",""main/Initialise/CallInitial/CCTK_INITIAL/CallFunction" (minimum)",""main/Initialise/CallInitial/CCTK_INITIAL/CallFunction" (maximum)",""main/Initialise/CallInitial/CCTK_INITIAL/CallFunction/syncs" (average)",""main/Initialise/CallInitial/CCTK_INITIAL/CallFunction/syncs" (minimum)",""main/Initialise/CallInitial/CCTK_INITIAL/CallFunction/syncs" (maximum)",""main/Initialise/CallInitial/CCTK_INITIAL/CallFunction/syncs/Prolongate" (average)",""main/Initialise/CallInitial/CCTK_INITIAL/CallFunction/syncs/Prolongate" (minimum)",""main/Initialise/CallInitial/CCTK_INITIAL/CallFunction/syncs/Prolongate" (maximum)",""main/Initialise/CallInitial/CCTK_INITIAL/CallFunction/syncs/Sync" (average)",""main/Initialise/CallInitial/CCTK_INITIAL/CallFunction/syncs/Sync" (minimum)",""main/Initialise/CallInitial/CCTK_INITIAL/CallFunction/syncs/Sync" (maximum)",""main/Initialise/CallInitial/CCTK_INITIAL/CallFunction/syncs/Sync/comm_state[0].create" (average)",""main/Initialise/CallInitial/CCTK_INITIAL/CallFunction/syncs/Sync/comm_state[0].create" (minimum)",""main/Initialise/CallInitial/CCTK_INITIAL/CallFunction/syncs/Sync/comm_state[0].create" (maximum)",""main/Initialise/CallInitial/CCTK_INITIAL/CallFunction/syncs/Sync/comm_state[1].state_get_buffer_size" (average)",""main/Initialise/CallInitial/CCTK_INITIAL/CallFunction/syncs/Sync/comm_state[1].state_get_buffer_size" (minimum)",""main/Initialise/CallInitial/CCTK_INITIAL/CallFunction/syncs/Sync/comm_state[1].state_get_buffer_size" (maximum)",""main/Initialise/CallInitial/CCTK_INITIAL/CallFunction/syncs/Sync/comm_state[2].state_get_buffer_size" (average)",""main/Initialise/CallInitial/CCTK_INITIAL/CallFunction/syncs/Sync/comm_state[2].state_get_buffer_size" (minimum)",""main/Initialise/CallInitial/CCTK_INITIAL/CallFunction/syncs/Sync/comm_state[2].state_get_buffer_size" (maximum)",""main/Initialise/CallInitial/CCTK_INITIAL/CallFunction/syncs/Sync/comm_state[3].state_fill_send_buffe" (average)",""main/Initialise/CallInitial/CCTK_INITIAL/CallFunction/syncs/Sync/comm_state[3].state_fill_send_buffe" (minimum)",""main/Initialise/CallInitial/CCTK_INITIAL/CallFunction/syncs/Sync/comm_state[3].state_fill_send_buffe" (maximum)",""main/Initialise/CallInitial/CCTK_INITIAL/CallFunction/syncs/Sync/comm_state[4].state_fill_send_buffe" (average)",""main/Initialise/CallInitial/CCTK_INITIAL/CallFunction/syncs/Sync/comm_state[4].state_fill_send_buffe" (minimum)",""main/Initialise/CallInitial/CCTK_INITIAL/CallFunction/syncs/Sync/comm_state[4].state_fill_send_buffe" (maximum)",""main/Initialise/CallInitial/CCTK_INITIAL/CallFunction/syncs/Sync/comm_state[5].state_do_some_work.us" (average)",""main/Initialise/CallInitial/CCTK_INITIAL/CallFunction/syncs/Sync/comm_state[5].state_do_some_work.us" (minimum)",""main/Initialise/CallInitial/CCTK_INITIAL/CallFunction/syncs/Sync/comm_state[5].state_do_some_work.us" (maximum)",""main/Initialise/CallInitial/CCTK_INITIAL/CallFunction/syncs/Sync/comm_state[6].state_do_some_work.st" (average)",""main/Initialise/CallInitial/CCTK_INITIAL/CallFunction/syncs/Sync/comm_state[6].state_do_some_work.st" (minimum)",""main/Initialise/CallInitial/CCTK_INITIAL/CallFunction/syncs/Sync/comm_state[6].state_do_some_work.st" (maximum)",""main/Initialise/CallInitial/CCTK_INITIAL/CallFunction/syncs/Sync/comm_state[7].state_empty_recv_buff" (average)",""main/Initialise/CallInitial/CCTK_INITIAL/CallFunction/syncs/Sync/comm_state[7].state_empty_recv_buff" (minimum)",""main/Initialise/CallInitial/CCTK_INITIAL/CallFunction/syncs/Sync/comm_state[7].state_empty_recv_buff" (maximum)",""main/Initialise/CallInitial/CCTK_INITIAL/CallFunction/syncs/Sync/comm_state[8].state_empty_recv_buff" (average)",""main/Initialise/CallInitial/CCTK_INITIAL/CallFunction/syncs/Sync/comm_state[8].state_empty_recv_buff" (minimum)",""main/Initialise/CallInitial/CCTK_INITIAL/CallFunction/syncs/Sync/comm_state[8].state_empty_recv_buff" (maximum)",""main/Initialise/CallInitial/CCTK_INITIAL/CallFunction/thorns" (average)",""main/Initialise/CallInitial/CCTK_INITIAL/CallFunction/thorns" (minimum)",""main/Initialise/CallInitial/CCTK_INITIAL/CallFunction/thorns" (maximum)",""main/Initialise/CallInitial/CCTK_INITIAL/CallFunction/thorns/ADMBase_DtLapseZero" (average)",""main/Initialise/CallInitial/CCTK_INITIAL/CallFunction/thorns/ADMBase_DtLapseZero" (minimum)",""main/Initialise/CallInitial/CCTK_INITIAL/CallFunction/thorns/ADMBase_DtLapseZero" (maximum)",""main/Initialise/CallInitial/CCTK_INITIAL/CallFunction/thorns/ADMBase_DtShiftZero" (average)",""main/Initialise/CallInitial/CCTK_INITIAL/CallFunction/thorns/ADMBase_DtShiftZero" (minimum)",""main/Initialise/CallInitial/CCTK_INITIAL/CallFunction/thorns/ADMBase_DtShiftZero" (maximum)",""main/Initialise/CallInitial/CCTK_INITIAL/CallFunction/thorns/ADMBase_LapseOne" (average)",""main/Initialise/CallInitial/CCTK_INITIAL/CallFunction/thorns/ADMBase_LapseOne" (minimum)",""main/Initialise/CallInitial/CCTK_INITIAL/CallFunction/thorns/ADMBase_LapseOne" (maximum)",""main/Initialise/CallInitial/CCTK_INITIAL/CallFunction/thorns/ADMBase_ShiftZero" (average)",""main/Initialise/CallInitial/CCTK_INITIAL/CallFunction/thorns/ADMBase_ShiftZero" (minimum)",""main/Initialise/CallInitial/CCTK_INITIAL/CallFunction/thorns/ADMBase_ShiftZero" (maximum)",""main/Initialise/CallInitial/CCTK_INITIAL/CallFunction/thorns/CarpetIOASCIIInit" (average)",""main/Initialise/CallInitial/CCTK_INITIAL/CallFunction/thorns/CarpetIOASCIIInit" (minimum)",""main/Initialise/CallInitial/CCTK_INITIAL/CallFunction/thorns/CarpetIOASCIIInit" (maximum)",""main/Initialise/CallInitial/CCTK_INITIAL/CallFunction/thorns/CarpetIOBasicInit" (average)",""main/Initialise/CallInitial/CCTK_INITIAL/CallFunction/thorns/CarpetIOBasicInit" (minimum)",""main/Initialise/CallInitial/CCTK_INITIAL/CallFunction/thorns/CarpetIOBasicInit" (maximum)",""main/Initialise/CallInitial/CCTK_INITIAL/CallFunction/thorns/CarpetIOHDF5_Init" (average)",""main/Initialise/CallInitial/CCTK_INITIAL/CallFunction/thorns/CarpetIOHDF5_Init" (minimum)",""main/Initialise/CallInitial/CCTK_INITIAL/CallFunction/thorns/CarpetIOHDF5_Init" (maximum)",""main/Initialise/CallInitial/CCTK_INITIAL/CallFunction/thorns/CarpetIOScalarInit" (average)",""main/Initialise/CallInitial/CCTK_INITIAL/CallFunction/thorns/CarpetIOScalarInit" (minimum)",""main/Initialise/CallInitial/CCTK_INITIAL/CallFunction/thorns/CarpetIOScalarInit" (maximum)",""main/Initialise/CallInitial/CCTK_INITIAL/CallFunction/thorns/ML_BSSN_InitialADMBase1Everywhere" (average)",""main/Initialise/CallInitial/CCTK_INITIAL/CallFunction/thorns/ML_BSSN_InitialADMBase1Everywhere" (minimum)",""main/Initialise/CallInitial/CCTK_INITIAL/CallFunction/thorns/ML_BSSN_InitialADMBase1Everywhere" (maximum)",""main/Initialise/CallInitial/CCTK_INITIAL/CallFunction/thorns/ML_BSSN_InitialADMBase2BoundaryScalar" (average)",""main/Initialise/CallInitial/CCTK_INITIAL/CallFunction/thorns/ML_BSSN_InitialADMBase2BoundaryScalar" (minimum)",""main/Initialise/CallInitial/CCTK_INITIAL/CallFunction/thorns/ML_BSSN_InitialADMBase2BoundaryScalar" (maximum)",""main/Initialise/CallInitial/CCTK_INITIAL/CallFunction/thorns/ML_BSSN_InitialADMBase2Interior" (average)",""main/Initialise/CallInitial/CCTK_INITIAL/CallFunction/thorns/ML_BSSN_InitialADMBase2Interior" (minimum)",""main/Initialise/CallInitial/CCTK_INITIAL/CallFunction/thorns/ML_BSSN_InitialADMBase2Interior" (maximum)",""main/Initialise/CallInitial/CCTK_INITIAL/CallFunction/thorns/ManyBH_initialdata" (average)",""main/Initialise/CallInitial/CCTK_INITIAL/CallFunction/thorns/ManyBH_initialdata" (minimum)",""main/Initialise/CallInitial/CCTK_INITIAL/CallFunction/thorns/ManyBH_initialdata" (maximum)",""main/Initialise/CallInitial/CCTK_INITIAL/CallFunction/thorns/MoL_StartLoop" (average)",""main/Initialise/CallInitial/CCTK_INITIAL/CallFunction/thorns/MoL_StartLoop" (minimum)",""main/Initialise/CallInitial/CCTK_INITIAL/CallFunction/thorns/MoL_StartLoop" (maximum)",""main/Initialise/CallInitial/CCTK_INITIAL/CallFunction/thorns/StaticConformal_InitialiseState" (average)",""main/Initialise/CallInitial/CCTK_INITIAL/CallFunction/thorns/StaticConformal_InitialiseState" (minimum)",""main/Initialise/CallInitial/CCTK_INITIAL/CallFunction/thorns/StaticConformal_InitialiseState" (maximum)",""main/Initialise/CallInitial/CCTK_INITIAL/CallFunction/thorns/TmunuBase_ZeroTmunu" (average)",""main/Initialise/CallInitial/CCTK_INITIAL/CallFunction/thorns/TmunuBase_ZeroTmunu" (minimum)",""main/Initialise/CallInitial/CCTK_INITIAL/CallFunction/thorns/TmunuBase_ZeroTmunu" (maximum)",""main/Initialise/CallInitial/CCTK_POSTINITIAL" (average)",""main/Initialise/CallInitial/CCTK_POSTINITIAL" (minimum)",""main/Initialise/CallInitial/CCTK_POSTINITIAL" (maximum)",""main/Initialise/CallInitial/CCTK_POSTINITIAL/CallFunction" (average)",""main/Initialise/CallInitial/CCTK_POSTINITIAL/CallFunction" (minimum)",""main/Initialise/CallInitial/CCTK_POSTINITIAL/CallFunction" (maximum)",""main/Initialise/CallInitial/CCTK_POSTINITIAL/CallFunction/syncs" (average)",""main/Initialise/CallInitial/CCTK_POSTINITIAL/CallFunction/syncs" (minimum)",""main/Initialise/CallInitial/CCTK_POSTINITIAL/CallFunction/syncs" (maximum)",""main/Initialise/CallInitial/CCTK_POSTINITIAL/CallFunction/syncs/Prolongate" (average)",""main/Initialise/CallInitial/CCTK_POSTINITIAL/CallFunction/syncs/Prolongate" (minimum)",""main/Initialise/CallInitial/CCTK_POSTINITIAL/CallFunction/syncs/Prolongate" (maximum)",""main/Initialise/CallInitial/CCTK_POSTINITIAL/CallFunction/syncs/Sync" (average)",""main/Initialise/CallInitial/CCTK_POSTINITIAL/CallFunction/syncs/Sync" (minimum)",""main/Initialise/CallInitial/CCTK_POSTINITIAL/CallFunction/syncs/Sync" (maximum)",""main/Initialise/CallInitial/CCTK_POSTINITIAL/CallFunction/syncs/Sync/comm_state[0].create" (average)",""main/Initialise/CallInitial/CCTK_POSTINITIAL/CallFunction/syncs/Sync/comm_state[0].create" (minimum)",""main/Initialise/CallInitial/CCTK_POSTINITIAL/CallFunction/syncs/Sync/comm_state[0].create" (maximum)",""main/Initialise/CallInitial/CCTK_POSTINITIAL/CallFunction/syncs/Sync/comm_state[1].state_get_buffer_" (average)",""main/Initialise/CallInitial/CCTK_POSTINITIAL/CallFunction/syncs/Sync/comm_state[1].state_get_buffer_" (minimum)",""main/Initialise/CallInitial/CCTK_POSTINITIAL/CallFunction/syncs/Sync/comm_state[1].state_get_buffer_" (maximum)",""main/Initialise/CallInitial/CCTK_POSTINITIAL/CallFunction/syncs/Sync/comm_state[2].state_get_buffer_" (average)",""main/Initialise/CallInitial/CCTK_POSTINITIAL/CallFunction/syncs/Sync/comm_state[2].state_get_buffer_" (minimum)",""main/Initialise/CallInitial/CCTK_POSTINITIAL/CallFunction/syncs/Sync/comm_state[2].state_get_buffer_" (maximum)",""main/Initialise/CallInitial/CCTK_POSTINITIAL/CallFunction/syncs/Sync/comm_state[3].state_fill_send_b" (average)",""main/Initialise/CallInitial/CCTK_POSTINITIAL/CallFunction/syncs/Sync/comm_state[3].state_fill_send_b" (minimum)",""main/Initialise/CallInitial/CCTK_POSTINITIAL/CallFunction/syncs/Sync/comm_state[3].state_fill_send_b" (maximum)",""main/Initialise/CallInitial/CCTK_POSTINITIAL/CallFunction/syncs/Sync/comm_state[4].state_fill_send_b" (average)",""main/Initialise/CallInitial/CCTK_POSTINITIAL/CallFunction/syncs/Sync/comm_state[4].state_fill_send_b" (minimum)",""main/Initialise/CallInitial/CCTK_POSTINITIAL/CallFunction/syncs/Sync/comm_state[4].state_fill_send_b" (maximum)",""main/Initialise/CallInitial/CCTK_POSTINITIAL/CallFunction/syncs/Sync/comm_state[5].state_do_some_wor" (average)",""main/Initialise/CallInitial/CCTK_POSTINITIAL/CallFunction/syncs/Sync/comm_state[5].state_do_some_wor" (minimum)",""main/Initialise/CallInitial/CCTK_POSTINITIAL/CallFunction/syncs/Sync/comm_state[5].state_do_some_wor" (maximum)",""main/Initialise/CallInitial/CCTK_POSTINITIAL/CallFunction/syncs/Sync/comm_state[6].state_do_some_wor" (average)",""main/Initialise/CallInitial/CCTK_POSTINITIAL/CallFunction/syncs/Sync/comm_state[6].state_do_some_wor" (minimum)",""main/Initialise/CallInitial/CCTK_POSTINITIAL/CallFunction/syncs/Sync/comm_state[6].state_do_some_wor" (maximum)",""main/Initialise/CallInitial/CCTK_POSTINITIAL/CallFunction/syncs/Sync/comm_state[7].state_empty_recv_" (average)",""main/Initialise/CallInitial/CCTK_POSTINITIAL/CallFunction/syncs/Sync/comm_state[7].state_empty_recv_" (minimum)",""main/Initialise/CallInitial/CCTK_POSTINITIAL/CallFunction/syncs/Sync/comm_state[7].state_empty_recv_" (maximum)",""main/Initialise/CallInitial/CCTK_POSTINITIAL/CallFunction/syncs/Sync/comm_state[8].state_empty_recv_" (average)",""main/Initialise/CallInitial/CCTK_POSTINITIAL/CallFunction/syncs/Sync/comm_state[8].state_empty_recv_" (minimum)",""main/Initialise/CallInitial/CCTK_POSTINITIAL/CallFunction/syncs/Sync/comm_state[8].state_empty_recv_" (maximum)",""main/Initialise/CallInitial/CCTK_POSTINITIAL/CallFunction/thorns" (average)",""main/Initialise/CallInitial/CCTK_POSTINITIAL/CallFunction/thorns" (minimum)",""main/Initialise/CallInitial/CCTK_POSTINITIAL/CallFunction/thorns" (maximum)",""main/Initialise/CallInitial/CCTK_POSTINITIAL/CallFunction/thorns/ADMBase_Boundaries" (average)",""main/Initialise/CallInitial/CCTK_POSTINITIAL/CallFunction/thorns/ADMBase_Boundaries" (minimum)",""main/Initialise/CallInitial/CCTK_POSTINITIAL/CallFunction/thorns/ADMBase_Boundaries" (maximum)",""main/Initialise/CallInitial/CCTK_POSTINITIAL/CallFunction/thorns/ADMConstraints" (average)",""main/Initialise/CallInitial/CCTK_POSTINITIAL/CallFunction/thorns/ADMConstraints" (minimum)",""main/Initialise/CallInitial/CCTK_POSTINITIAL/CallFunction/thorns/ADMConstraints" (maximum)",""main/Initialise/CallInitial/CCTK_POSTINITIAL/CallFunction/thorns/ADMConstraints_Boundaries" (average)",""main/Initialise/CallInitial/CCTK_POSTINITIAL/CallFunction/thorns/ADMConstraints_Boundaries" (minimum)",""main/Initialise/CallInitial/CCTK_POSTINITIAL/CallFunction/thorns/ADMConstraints_Boundaries" (maximum)",""main/Initialise/CallInitial/CCTK_POSTINITIAL/CallFunction/thorns/Boundary_ApplyPhysicalBCs" (average)",""main/Initialise/CallInitial/CCTK_POSTINITIAL/CallFunction/thorns/Boundary_ApplyPhysicalBCs" (minimum)",""main/Initialise/CallInitial/CCTK_POSTINITIAL/CallFunction/thorns/Boundary_ApplyPhysicalBCs" (maximum)",""main/Initialise/CallInitial/CCTK_POSTINITIAL/CallFunction/thorns/Boundary_ClearSelection" (average)",""main/Initialise/CallInitial/CCTK_POSTINITIAL/CallFunction/thorns/Boundary_ClearSelection" (minimum)",""main/Initialise/CallInitial/CCTK_POSTINITIAL/CallFunction/thorns/Boundary_ClearSelection" (maximum)",""main/Initialise/CallInitial/CCTK_POSTINITIAL/CallFunction/thorns/CarpetIOHDF5_CloseFiles" (average)",""main/Initialise/CallInitial/CCTK_POSTINITIAL/CallFunction/thorns/CarpetIOHDF5_CloseFiles" (minimum)",""main/Initialise/CallInitial/CCTK_POSTINITIAL/CallFunction/thorns/CarpetIOHDF5_CloseFiles" (maximum)",""main/Initialise/CallInitial/CCTK_POSTINITIAL/CallFunction/thorns/CartGrid3D_ApplyBC" (average)",""main/Initialise/CallInitial/CCTK_POSTINITIAL/CallFunction/thorns/CartGrid3D_ApplyBC" (minimum)",""main/Initialise/CallInitial/CCTK_POSTINITIAL/CallFunction/thorns/CartGrid3D_ApplyBC" (maximum)",""main/Initialise/CallInitial/CCTK_POSTINITIAL/CallFunction/thorns/ML_BSSN_ADMBaseBoundaryScalar" (average)",""main/Initialise/CallInitial/CCTK_POSTINITIAL/CallFunction/thorns/ML_BSSN_ADMBaseBoundaryScalar" (minimum)",""main/Initialise/CallInitial/CCTK_POSTINITIAL/CallFunction/thorns/ML_BSSN_ADMBaseBoundaryScalar" (maximum)",""main/Initialise/CallInitial/CCTK_POSTINITIAL/CallFunction/thorns/ML_BSSN_ADMBaseEverywhere" (average)",""main/Initialise/CallInitial/CCTK_POSTINITIAL/CallFunction/thorns/ML_BSSN_ADMBaseEverywhere" (minimum)",""main/Initialise/CallInitial/CCTK_POSTINITIAL/CallFunction/thorns/ML_BSSN_ADMBaseEverywhere" (maximum)",""main/Initialise/CallInitial/CCTK_POSTINITIAL/CallFunction/thorns/ML_BSSN_ADMBaseInterior" (average)",""main/Initialise/CallInitial/CCTK_POSTINITIAL/CallFunction/thorns/ML_BSSN_ADMBaseInterior" (minimum)",""main/Initialise/CallInitial/CCTK_POSTINITIAL/CallFunction/thorns/ML_BSSN_ADMBaseInterior" (maximum)",""main/Initialise/CallInitial/CCTK_POSTINITIAL/CallFunction/thorns/ML_BSSN_ADMBase_SelectBCs" (average)",""main/Initialise/CallInitial/CCTK_POSTINITIAL/CallFunction/thorns/ML_BSSN_ADMBase_SelectBCs" (minimum)",""main/Initialise/CallInitial/CCTK_POSTINITIAL/CallFunction/thorns/ML_BSSN_ADMBase_SelectBCs" (maximum)",""main/Initialise/CallInitial/CCTK_POSTINITIAL/CallFunction/thorns/ML_BSSN_ConstraintsEverywhere" (average)",""main/Initialise/CallInitial/CCTK_POSTINITIAL/CallFunction/thorns/ML_BSSN_ConstraintsEverywhere" (minimum)",""main/Initialise/CallInitial/CCTK_POSTINITIAL/CallFunction/thorns/ML_BSSN_ConstraintsEverywhere" (maximum)",""main/Initialise/CallInitial/CCTK_POSTINITIAL/CallFunction/thorns/ML_BSSN_ConstraintsEverywhere_Selec" (average)",""main/Initialise/CallInitial/CCTK_POSTINITIAL/CallFunction/thorns/ML_BSSN_ConstraintsEverywhere_Selec" (minimum)",""main/Initialise/CallInitial/CCTK_POSTINITIAL/CallFunction/thorns/ML_BSSN_ConstraintsEverywhere_Selec" (maximum)",""main/Initialise/CallInitial/CCTK_POSTINITIAL/CallFunction/thorns/ML_BSSN_ConstraintsInterior" (average)",""main/Initialise/CallInitial/CCTK_POSTINITIAL/CallFunction/thorns/ML_BSSN_ConstraintsInterior" (minimum)",""main/Initialise/CallInitial/CCTK_POSTINITIAL/CallFunction/thorns/ML_BSSN_ConstraintsInterior" (maximum)",""main/Initialise/CallInitial/CCTK_POSTINITIAL/CallFunction/thorns/ML_BSSN_ConstraintsInterior_SelectB" (average)",""main/Initialise/CallInitial/CCTK_POSTINITIAL/CallFunction/thorns/ML_BSSN_ConstraintsInterior_SelectB" (minimum)",""main/Initialise/CallInitial/CCTK_POSTINITIAL/CallFunction/thorns/ML_BSSN_ConstraintsInterior_SelectB" (maximum)",""main/Initialise/CallInitial/CCTK_POSTINITIAL/CallFunction/thorns/ML_BSSN_EnforceEverywhere" (average)",""main/Initialise/CallInitial/CCTK_POSTINITIAL/CallFunction/thorns/ML_BSSN_EnforceEverywhere" (minimum)",""main/Initialise/CallInitial/CCTK_POSTINITIAL/CallFunction/thorns/ML_BSSN_EnforceEverywhere" (maximum)",""main/Initialise/CallInitial/CCTK_POSTINITIAL/CallFunction/thorns/ML_BSSN_SelectBoundConds" (average)",""main/Initialise/CallInitial/CCTK_POSTINITIAL/CallFunction/thorns/ML_BSSN_SelectBoundConds" (minimum)",""main/Initialise/CallInitial/CCTK_POSTINITIAL/CallFunction/thorns/ML_BSSN_SelectBoundConds" (maximum)",""main/Initialise/CallInitial/CCTK_POSTINITIAL/CallFunction/thorns/TmunuBase_ZeroTmunu" (average)",""main/Initialise/CallInitial/CCTK_POSTINITIAL/CallFunction/thorns/TmunuBase_ZeroTmunu" (minimum)",""main/Initialise/CallInitial/CCTK_POSTINITIAL/CallFunction/thorns/TmunuBase_ZeroTmunu" (maximum)",""main/Initialise/CallInitial/CallRegridInitialMeta" (average)",""main/Initialise/CallInitial/CallRegridInitialMeta" (minimum)",""main/Initialise/CallInitial/CallRegridInitialMeta" (maximum)",""main/Initialise/CallInitial/CallRegridInitialMeta/CCTK_PREREGRIDINITIAL" (average)",""main/Initialise/CallInitial/CallRegridInitialMeta/CCTK_PREREGRIDINITIAL" (minimum)",""main/Initialise/CallInitial/CallRegridInitialMeta/CCTK_PREREGRIDINITIAL" (maximum)",""main/Initialise/CallInitial/CallRegridInitialMeta/Regrid" (average)",""main/Initialise/CallInitial/CallRegridInitialMeta/Regrid" (minimum)",""main/Initialise/CallInitial/CallRegridInitialMeta/Regrid" (maximum)",""main/Initialise/CallInitial/CallRegridInitialMeta/RegridFree" (average)",""main/Initialise/CallInitial/CallRegridInitialMeta/RegridFree" (minimum)",""main/Initialise/CallInitial/CallRegridInitialMeta/RegridFree" (maximum)",""main/Initialise/CallInitial/Poison" (average)",""main/Initialise/CallInitial/Poison" (minimum)",""main/Initialise/CallInitial/Poison" (maximum)",""main/Initialise/CallPostInitial" (average)",""main/Initialise/CallPostInitial" (minimum)",""main/Initialise/CallPostInitial" (maximum)",""main/Initialise/CallPostInitial/CCTK_POSTPOSTINITIAL" (average)",""main/Initialise/CallPostInitial/CCTK_POSTPOSTINITIAL" (minimum)",""main/Initialise/CallPostInitial/CCTK_POSTPOSTINITIAL" (maximum)",""main/Initialise/CallPostInitial/CCTK_POSTPOSTINITIAL/CallFunction" (average)",""main/Initialise/CallPostInitial/CCTK_POSTPOSTINITIAL/CallFunction" (minimum)",""main/Initialise/CallPostInitial/CCTK_POSTPOSTINITIAL/CallFunction" (maximum)",""main/Initialise/CallPostInitial/CCTK_POSTPOSTINITIAL/CallFunction/thorns" (average)",""main/Initialise/CallPostInitial/CCTK_POSTPOSTINITIAL/CallFunction/thorns" (minimum)",""main/Initialise/CallPostInitial/CCTK_POSTPOSTINITIAL/CallFunction/thorns" (maximum)",""main/Initialise/CallPostInitial/CCTK_POSTPOSTINITIAL/CallFunction/thorns/ManyBH_cleanup" (average)",""main/Initialise/CallPostInitial/CCTK_POSTPOSTINITIAL/CallFunction/thorns/ManyBH_cleanup" (minimum)",""main/Initialise/CallPostInitial/CCTK_POSTPOSTINITIAL/CallFunction/thorns/ManyBH_cleanup" (maximum)",""main/Initialise/CallPostInitial/CCTK_POSTSTEP" (average)",""main/Initialise/CallPostInitial/CCTK_POSTSTEP" (minimum)",""main/Initialise/CallPostInitial/CCTK_POSTSTEP" (maximum)",""main/Initialise/CallRestrict" (average)",""main/Initialise/CallRestrict" (minimum)",""main/Initialise/CallRestrict" (maximum)",""main/Initialise/CallSetup" (average)",""main/Initialise/CallSetup" (minimum)",""main/Initialise/CallSetup" (maximum)",""main/Initialise/CallSetup/CCTK_PARAMCHECK" (average)",""main/Initialise/CallSetup/CCTK_PARAMCHECK" (minimum)",""main/Initialise/CallSetup/CCTK_PARAMCHECK" (maximum)",""main/Initialise/CallSetup/CCTK_PARAMCHECK/CallFunction" (average)",""main/Initialise/CallSetup/CCTK_PARAMCHECK/CallFunction" (minimum)",""main/Initialise/CallSetup/CCTK_PARAMCHECK/CallFunction" (maximum)",""main/Initialise/CallSetup/CCTK_PARAMCHECK/CallFunction/thorns" (average)",""main/Initialise/CallSetup/CCTK_PARAMCHECK/CallFunction/thorns" (minimum)",""main/Initialise/CallSetup/CCTK_PARAMCHECK/CallFunction/thorns" (maximum)",""main/Initialise/CallSetup/CCTK_PARAMCHECK/CallFunction/thorns/ADMBase_ParamCheck" (average)",""main/Initialise/CallSetup/CCTK_PARAMCHECK/CallFunction/thorns/ADMBase_ParamCheck" (minimum)",""main/Initialise/CallSetup/CCTK_PARAMCHECK/CallFunction/thorns/ADMBase_ParamCheck" (maximum)",""main/Initialise/CallSetup/CCTK_PARAMCHECK/CallFunction/thorns/ADMConstraints_ParamCheck" (average)",""main/Initialise/CallSetup/CCTK_PARAMCHECK/CallFunction/thorns/ADMConstraints_ParamCheck" (minimum)",""main/Initialise/CallSetup/CCTK_PARAMCHECK/CallFunction/thorns/ADMConstraints_ParamCheck" (maximum)",""main/Initialise/CallSetup/CCTK_PARAMCHECK/CallFunction/thorns/Boundary_Check" (average)",""main/Initialise/CallSetup/CCTK_PARAMCHECK/CallFunction/thorns/Boundary_Check" (minimum)",""main/Initialise/CallSetup/CCTK_PARAMCHECK/CallFunction/thorns/Boundary_Check" (maximum)",""main/Initialise/CallSetup/CCTK_PARAMCHECK/CallFunction/thorns/CarpetLib_test_prolongate_3d_rf2" (average)",""main/Initialise/CallSetup/CCTK_PARAMCHECK/CallFunction/thorns/CarpetLib_test_prolongate_3d_rf2" (minimum)",""main/Initialise/CallSetup/CCTK_PARAMCHECK/CallFunction/thorns/CarpetLib_test_prolongate_3d_rf2" (maximum)",""main/Initialise/CallSetup/CCTK_PARAMCHECK/CallFunction/thorns/CarpetParamCheck" (average)",""main/Initialise/CallSetup/CCTK_PARAMCHECK/CallFunction/thorns/CarpetParamCheck" (minimum)",""main/Initialise/CallSetup/CCTK_PARAMCHECK/CallFunction/thorns/CarpetParamCheck" (maximum)",""main/Initialise/CallSetup/CCTK_PARAMCHECK/CallFunction/thorns/CheckFortranParameters" (average)",""main/Initialise/CallSetup/CCTK_PARAMCHECK/CallFunction/thorns/CheckFortranParameters" (minimum)",""main/Initialise/CallSetup/CCTK_PARAMCHECK/CallFunction/thorns/CheckFortranParameters" (maximum)",""main/Initialise/CallSetup/CCTK_PARAMCHECK/CallFunction/thorns/ML_BSSN_ParamCheck" (average)",""main/Initialise/CallSetup/CCTK_PARAMCHECK/CallFunction/thorns/ML_BSSN_ParamCheck" (minimum)",""main/Initialise/CallSetup/CCTK_PARAMCHECK/CallFunction/thorns/ML_BSSN_ParamCheck" (maximum)",""main/Initialise/CallSetup/CCTK_PARAMCHECK/CallFunction/thorns/MoL_ParamCheck" (average)",""main/Initialise/CallSetup/CCTK_PARAMCHECK/CallFunction/thorns/MoL_ParamCheck" (minimum)",""main/Initialise/CallSetup/CCTK_PARAMCHECK/CallFunction/thorns/MoL_ParamCheck" (maximum)",""main/Initialise/CallSetup/CCTK_PARAMCHECK/CallFunction/thorns/ParamCheck_CartGrid3D" (average)",""main/Initialise/CallSetup/CCTK_PARAMCHECK/CallFunction/thorns/ParamCheck_CartGrid3D" (minimum)",""main/Initialise/CallSetup/CCTK_PARAMCHECK/CallFunction/thorns/ParamCheck_CartGrid3D" (maximum)",""main/Initialise/CallSetup/CCTK_PARAMCHECK/CallFunction/thorns/Vectors_Test" (average)",""main/Initialise/CallSetup/CCTK_PARAMCHECK/CallFunction/thorns/Vectors_Test" (minimum)",""main/Initialise/CallSetup/CCTK_PARAMCHECK/CallFunction/thorns/Vectors_Test" (maximum)",""main/Initialise/CallSetup/CCTK_WRAGH" (average)",""main/Initialise/CallSetup/CCTK_WRAGH" (minimum)",""main/Initialise/CallSetup/CCTK_WRAGH" (maximum)",""main/Initialise/CallSetup/CCTK_WRAGH/CallFunction" (average)",""main/Initialise/CallSetup/CCTK_WRAGH/CallFunction" (minimum)",""main/Initialise/CallSetup/CCTK_WRAGH/CallFunction" (maximum)",""main/Initialise/CallSetup/CCTK_WRAGH/CallFunction/thorns" (average)",""main/Initialise/CallSetup/CCTK_WRAGH/CallFunction/thorns" (minimum)",""main/Initialise/CallSetup/CCTK_WRAGH/CallFunction/thorns" (maximum)",""main/Initialise/CallSetup/CCTK_WRAGH/CallFunction/thorns/ADMConstraint_InitSymBound" (average)",""main/Initialise/CallSetup/CCTK_WRAGH/CallFunction/thorns/ADMConstraint_InitSymBound" (minimum)",""main/Initialise/CallSetup/CCTK_WRAGH/CallFunction/thorns/ADMConstraint_InitSymBound" (maximum)",""main/Initialise/CallSetup/CCTK_WRAGH/CallFunction/thorns/Boundary_RegisterBCs" (average)",""main/Initialise/CallSetup/CCTK_WRAGH/CallFunction/thorns/Boundary_RegisterBCs" (minimum)",""main/Initialise/CallSetup/CCTK_WRAGH/CallFunction/thorns/Boundary_RegisterBCs" (maximum)",""main/Initialise/CallSetup/CCTK_WRAGH/CallFunction/thorns/Einstein_ActivateSlicing" (average)",""main/Initialise/CallSetup/CCTK_WRAGH/CallFunction/thorns/Einstein_ActivateSlicing" (minimum)",""main/Initialise/CallSetup/CCTK_WRAGH/CallFunction/thorns/Einstein_ActivateSlicing" (maximum)",""main/Initialise/CallSetup/CCTK_WRAGH/CallFunction/thorns/Einstein_InitSymBound" (average)",""main/Initialise/CallSetup/CCTK_WRAGH/CallFunction/thorns/Einstein_InitSymBound" (minimum)",""main/Initialise/CallSetup/CCTK_WRAGH/CallFunction/thorns/Einstein_InitSymBound" (maximum)",""main/Initialise/CallSetup/CCTK_WRAGH/CallFunction/thorns/Einstein_SetNextSlicing" (average)",""main/Initialise/CallSetup/CCTK_WRAGH/CallFunction/thorns/Einstein_SetNextSlicing" (minimum)",""main/Initialise/CallSetup/CCTK_WRAGH/CallFunction/thorns/Einstein_SetNextSlicing" (maximum)",""main/Initialise/CallSetup/CCTK_WRAGH/CallFunction/thorns/ML_BSSN_ParamCompat" (average)",""main/Initialise/CallSetup/CCTK_WRAGH/CallFunction/thorns/ML_BSSN_ParamCompat" (minimum)",""main/Initialise/CallSetup/CCTK_WRAGH/CallFunction/thorns/ML_BSSN_ParamCompat" (maximum)",""main/Initialise/CallSetup/CCTK_WRAGH/CallFunction/thorns/ML_BSSN_RegisterConstrained" (average)",""main/Initialise/CallSetup/CCTK_WRAGH/CallFunction/thorns/ML_BSSN_RegisterConstrained" (minimum)",""main/Initialise/CallSetup/CCTK_WRAGH/CallFunction/thorns/ML_BSSN_RegisterConstrained" (maximum)",""main/Initialise/CallSetup/CCTK_WRAGH/CallFunction/thorns/ML_BSSN_RegisterSymmetries" (average)",""main/Initialise/CallSetup/CCTK_WRAGH/CallFunction/thorns/ML_BSSN_RegisterSymmetries" (minimum)",""main/Initialise/CallSetup/CCTK_WRAGH/CallFunction/thorns/ML_BSSN_RegisterSymmetries" (maximum)",""main/Initialise/CallSetup/CCTK_WRAGH/CallFunction/thorns/ML_BSSN_RegisterVars" (average)",""main/Initialise/CallSetup/CCTK_WRAGH/CallFunction/thorns/ML_BSSN_RegisterVars" (minimum)",""main/Initialise/CallSetup/CCTK_WRAGH/CallFunction/thorns/ML_BSSN_RegisterVars" (maximum)",""main/Initialise/CallSetup/CCTK_WRAGH/CallFunction/thorns/ManyBH_spectralinit" (average)",""main/Initialise/CallSetup/CCTK_WRAGH/CallFunction/thorns/ManyBH_spectralinit" (minimum)",""main/Initialise/CallSetup/CCTK_WRAGH/CallFunction/thorns/ManyBH_spectralinit" (maximum)",""main/Initialise/CallSetup/CCTK_WRAGH/CallFunction/thorns/MoL_ReportNumberVariables" (average)",""main/Initialise/CallSetup/CCTK_WRAGH/CallFunction/thorns/MoL_ReportNumberVariables" (minimum)",""main/Initialise/CallSetup/CCTK_WRAGH/CallFunction/thorns/MoL_ReportNumberVariables" (maximum)",""main/Initialise/CallSetup/CCTK_WRAGH/CallFunction/thorns/MoL_SetScheduleStatus" (average)",""main/Initialise/CallSetup/CCTK_WRAGH/CallFunction/thorns/MoL_SetScheduleStatus" (minimum)",""main/Initialise/CallSetup/CCTK_WRAGH/CallFunction/thorns/MoL_SetScheduleStatus" (maximum)",""main/Initialise/CallSetup/CCTK_WRAGH/CallFunction/thorns/MoL_SetupIndexArrays" (average)",""main/Initialise/CallSetup/CCTK_WRAGH/CallFunction/thorns/MoL_SetupIndexArrays" (minimum)",""main/Initialise/CallSetup/CCTK_WRAGH/CallFunction/thorns/MoL_SetupIndexArrays" (maximum)",""main/Initialise/CallSetup/CCTK_WRAGH/CallFunction/thorns/RegisterCartGrid3DCoords" (average)",""main/Initialise/CallSetup/CCTK_WRAGH/CallFunction/thorns/RegisterCartGrid3DCoords" (minimum)",""main/Initialise/CallSetup/CCTK_WRAGH/CallFunction/thorns/RegisterCartGrid3DCoords" (maximum)",""main/Initialise/CallSetup/CCTK_WRAGH/CallFunction/thorns/RegisterSymmetryBoundaries" (average)",""main/Initialise/CallSetup/CCTK_WRAGH/CallFunction/thorns/RegisterSymmetryBoundaries" (minimum)",""main/Initialise/CallSetup/CCTK_WRAGH/CallFunction/thorns/RegisterSymmetryBoundaries" (maximum)",""main/Initialise/CallSetup/CCTK_WRAGH/CallFunction/thorns/Slab_InitTimers" (average)",""main/Initialise/CallSetup/CCTK_WRAGH/CallFunction/thorns/Slab_InitTimers" (minimum)",""main/Initialise/CallSetup/CCTK_WRAGH/CallFunction/thorns/Slab_InitTimers" (maximum)",""main/Initialise/CallSetup/CCTK_WRAGH/CallFunction/thorns/SymBase_Statistics" (average)",""main/Initialise/CallSetup/CCTK_WRAGH/CallFunction/thorns/SymBase_Statistics" (minimum)",""main/Initialise/CallSetup/CCTK_WRAGH/CallFunction/thorns/SymBase_Statistics" (maximum)",""main/Initialise/CallSetup/CCTK_WRAGH/CallFunction/thorns/TmunuBase_SetStressEnergyState" (average)",""main/Initialise/CallSetup/CCTK_WRAGH/CallFunction/thorns/TmunuBase_SetStressEnergyState" (minimum)",""main/Initialise/CallSetup/CCTK_WRAGH/CallFunction/thorns/TmunuBase_SetStressEnergyState" (maximum)",""main/Initialise/CallSetup/Poison" (average)",""main/Initialise/CallSetup/Poison" (minimum)",""main/Initialise/CallSetup/Poison" (maximum)",""main/Initialise/CarpetLib::ggf::recompose_allocate" (average)",""main/Initialise/CarpetLib::ggf::recompose_allocate" (minimum)",""main/Initialise/CarpetLib::ggf::recompose_allocate" (maximum)",""main/Initialise/CarpetLib::ggf::recompose_crop" (average)",""main/Initialise/CarpetLib::ggf::recompose_crop" (minimum)",""main/Initialise/CarpetLib::ggf::recompose_crop" (maximum)",""main/Initialise/dh::recompose_free_old" (average)",""main/Initialise/dh::recompose_free_old" (minimum)",""main/Initialise/dh::recompose_free_old" (maximum)",""meta mode" (average)",""meta mode" (minimum)",""meta mode" (maximum)",""meta mode/meta mode" (average)",""meta mode/meta mode" (minimum)",""meta mode/meta mode" (maximum)",""meta mode/meta mode/enter_global_mode" (average)",""meta mode/meta mode/enter_global_mode" (minimum)",""meta mode/meta mode/enter_global_mode" (maximum)",""meta mode/meta mode/global mode" (average)",""meta mode/meta mode/global mode" (minimum)",""meta mode/meta mode/global mode" (maximum)",""meta mode/meta mode/global mode/enter_level_mode" (average)",""meta mode/meta mode/global mode/enter_level_mode" (minimum)",""meta mode/meta mode/global mode/enter_level_mode" (maximum)",""meta mode/meta mode/global mode/leave_level_mode" (average)",""meta mode/meta mode/global mode/leave_level_mode" (minimum)",""meta mode/meta mode/global mode/leave_level_mode" (maximum)",""meta mode/meta mode/global mode/level(0)" (average)",""meta mode/meta mode/global mode/level(0)" (minimum)",""meta mode/meta mode/global mode/level(0)" (maximum)",""meta mode/meta mode/global mode/level(0)/enter_local_mode" (average)",""meta mode/meta mode/global mode/level(0)/enter_local_mode" (minimum)",""meta mode/meta mode/global mode/level(0)/enter_local_mode" (maximum)",""meta mode/meta mode/global mode/level(0)/enter_singlemap_mode" (average)",""meta mode/meta mode/global mode/level(0)/enter_singlemap_mode" (minimum)",""meta mode/meta mode/global mode/level(0)/enter_singlemap_mode" (maximum)",""meta mode/meta mode/global mode/level(0)/leave_local_mode" (average)",""meta mode/meta mode/global mode/level(0)/leave_local_mode" (minimum)",""meta mode/meta mode/global mode/level(0)/leave_local_mode" (maximum)",""meta mode/meta mode/global mode/level(0)/leave_singlemap_mode" (average)",""meta mode/meta mode/global mode/level(0)/leave_singlemap_mode" (minimum)",""meta mode/meta mode/global mode/level(0)/leave_singlemap_mode" (maximum)",""meta mode/meta mode/leave_global_mode" (average)",""meta mode/meta mode/leave_global_mode" (minimum)",""meta mode/meta mode/leave_global_mode" (maximum)"
1,0.00078125,16.199353,16.199353,16.199353,0,0,0,0,0,0,0,0,0,0,0,0,0,0,0,0,0,0,0,0,0,0,0,0,0,0,0,0,0,0,0,0,0,0,0,0,0,0,0,0,0,0,0,0,0,0,0,0,0,0,0,0,0,0,0,0,0,0,0,0,0,0,0,0,0,0,0,0,0,0,0,0,0,0,0,0,0,0,0.000105,0.000105,0.000105,0.100012,0.100012,0.100012,1e-06,1e-06,1e-06,2.3e-05,2.3e-05,2.3e-05,8e-06,8e-06,8e-06,3e-06,3e-06,3e-06,1e-06,1e-06,1e-06,3e-06,3e-06,3e-06,2.4e-05,2.4e-05,2.4e-05,1e-06,1e-06,1e-06,1e-06,1e-06,1e-06,3e-06,3e-06,3e-06,2.6e-05,2.6e-05,2.6e-05,1e-06,1e-06,1e-06,4e-06,4e-06,4e-06,0,0,0,2e-06,2e-06,2e-06,2.9e-05,2.9e-05,2.9e-05,4e-06,4e-06,4e-06,4e-06,4e-06,4e-06,2e-06,2e-06,2e-06,3e-06,3e-06,3e-06,2e-06,2e-06,2e-06,5.1e-05,5.1e-05,5.1e-05,9.9e-05,9.9e-05,9.9e-05,1.6e-05,1.6e-05,1.6e-05,5.5e-05,5.5e-05,5.5e-05,1.1e-05,1.1e-05,1.1e-05,8e-06,8e-06,8e-06,0.000249,0.000249,0.000249,5.109885,5.109885,5.109885,7.1e-05,7.1e-05,7.1e-05,3.4e-05,3.4e-05,3.4e-05,9.2e-05,9.2e-05,9.2e-05,0.000216,0.000216,0.000216,0.00013,0.00013,0.00013,3.4e-05,3.4e-05,3.4e-05,3.8e-05,3.8e-05,3.8e-05,0.000153,0.000153,0.000153,1.2e-05,1.2e-05,1.2e-05,5.3e-05,5.3e-05,5.3e-05,3.9e-05,3.9e-05,3.9e-05,7.6e-05,7.6e-05,7.6e-05,9e-06,9e-06,9e-06,5e-05,5e-05,5e-05,1.9e-05,1.9e-05,1.9e-05,1.4e-05,1.4e-05,1.4e-05,1e-05,1e-05,1e-05,0.000143,0.000143,0.000143,3.1e-05,3.1e-05,3.1e-05,3.7e-05,3.7e-05,3.7e-05,7.1e-05,7.1e-05,7.1e-05,4.6e-05,4.6e-05,4.6e-05,4.3e-05,4.3e-05,4.3e-05,3.6e-05,3.6e-05,3.6e-05,7.8e-05,7.8e-05,7.8e-05,0.002462,0.002462,0.002462,2.8e-05,2.8e-05,2.8e-05,0.000776,0.000776,0.000776,0.000618,0.000618,0.000618,5.5e-05,5.5e-05,5.5e-05,0.002312,0.002312,0.002312,0.000423,0.000423,0.000423,0.000159,0.000159,0.000159,4.2e-05,4.2e-05,4.2e-05,2.4e-05,2.4e-05,2.4e-05,2.1e-05,2.1e-05,2.1e-05,5.9e-05,5.9e-05,5.9e-05,9.939118,9.939118,9.939118,0.000413,0.000413,0.000413,0.001469,0.001469,0.001469,0.000347,0.000347,0.000347,0.001455,0.001455,0.001455,2.9e-05,2.9e-05,2.9e-05,1.9e-05,1.9e-05,1.9e-05,2.6e-05,2.6e-05,2.6e-05,1.9e-05,1.9e-05,1.9e-05,0.034544,0.034544,0.034544,0.007448,0.007448,0.007448,3.5e-05,3.5e-05,3.5e-05,0.005402,0.005402,0.005402,0.001235,0.001235,0.001235,0.004232,0.004232,0.004232,3.7e-05,3.7e-05,3.7e-05,0.000151,0.000151,0.000151,0.013467,0.013467,0.013467,0.000191,0.000191,0.000191,3.3e-05,3.3e-05,3.3e-05,0.000162,0.000162,0.000162,0.00507,0.00507,0.00507,0.001479,0.001479,0.001479,0.023655,0.023655,0.023655,0.000122,0.000122,0.000122,0.001219,0.001219,0.001219,0.031415,0.031415,0.031415,6.5e-05,6.5e-05,6.5e-05,0.000551,0.000551,0.000551,0.000136,0.000136,0.000136,0.015086,0.015086,0.015086,0.000146,0.000146,0.000146,6.7e-05,6.7e-05,6.7e-05,5.9e-05,5.9e-05,5.9e-05,6.1e-05,6.1e-05,6.1e-05,3.4e-05,3.4e-05,3.4e-05,7.6e-05,7.6e-05,7.6e-05,0.005083,0.005083,0.005083,0.000379,0.000379,0.000379,0.00096,0.00096,0.00096,4.4e-05,4.4e-05,4.4e-05,8e-05,8e-05,8e-05,2.9e-05,2.9e-05,2.9e-05,3.4e-05,3.4e-05,3.4e-05,3e-05,3e-05,3e-05,1.6e-05,1.6e-05,1.6e-05,0.006769,0.006769,0.006769,0.005032,0.005032,0.005032,0.012666,0.012666,0.012666,0.021227,0.021227,0.021227,0.030043,0.030043,0.030043,0.033668,0.033668,0.033668,0.008121,0.008121,0.008121,6e-05,6e-05,6e-05,4.6e-05,4.6e-05,4.6e-05,0.008157,0.008157,0.008157,0.000218,0.000218,0.000218,0.019338,0.019338,0.019338,0.000276,0.000276,0.000276,5.2e-05,5.2e-05,5.2e-05,0.000147,0.000147,0.000147,0.008458,0.008458,0.008458,0.002703,0.002703,0.002703,0.048984,0.048984,0.048984,5.2e-05,5.2e-05,5.2e-05,0.00246,0.00246,0.00246,5e-05,5e-05,5e-05,3.9e-05,3.9e-05,3.9e-05,6.6e-05,6.6e-05,6.6e-05,1.8e-05,1.8e-05,1.8e-05,0.031315,0.031315,0.031315,6.5e-05,6.5e-05,6.5e-05,0.000376,0.000376,0.000376,5.1e-05,5.1e-05,5.1e-05,0.014675,0.014675,0.014675,5.9e-05,5.9e-05,5.9e-05,5.9e-05,5.9e-05,5.9e-05,1.8e-05,1.8e-05,1.8e-05,0,0,0,0.004147,0.004147,0.004147,4e-06,4e-06,4e-06,2e-05,2e-05,2e-05,2.9e-05,2.9e-05,2.9e-05,0.00352,0.00352,0.00352,0.003401,0.003401,0.003401,7.8e-05,7.8e-05,7.8e-05,0.001667,0.001667,0.001667,0.00015,0.00015,0.00015,1.5e-05,1.5e-05,1.5e-05,0.000149,0.000149,0.000149,1.7e-05,1.7e-05,1.7e-05,0.000146,0.000146,0.000146,2.2e-05,2.2e-05,2.2e-05,0.000173,0.000173,0.000173,1.2e-05,1.2e-05,1.2e-05,0.000754,0.000754,0.000754,0.000123,0.000123,0.000123,0.000149,0.000149,0.000149,2e-05,2e-05,2e-05,3.2e-05,3.2e-05,3.2e-05,1.8e-05,1.8e-05,1.8e-05,0.000365,0.000365,0.000365,0.000319,0.000319,0.000319,1.8e-05,1.8e-05,1.8e-05,1.6e-05,1.6e-05,1.6e-05,1.9e-05,1.9e-05,1.9e-05,1.5e-05,1.5e-05,1.5e-05,2e-05,2e-05,2e-05,1.6e-05,1.6e-05,1.6e-05,2.3e-05,2.3e-05,2.3e-05,5.1e-05,5.1e-05,5.1e-05,6.1e-05,6.1e-05,6.1e-05,0.000126,0.000126,0.000126,0.000312,0.000312,0.000312,2e-05,2e-05,2e-05,1e-06,1e-06,1e-06,0,0,0,0,0,0,0,0,0,0,0,0,7.4e-05,7.4e-05,7.4e-05,2.5e-05,2.5e-05,2.5e-05,1e-06,1e-06,1e-06,1e-06,1e-06,1e-06,1e-06,1e-06,1e-06,0,0,0,9.5e-05,9.5e-05,9.5e-05,6.8e-05,6.8e-05,6.8e-05,2.5e-05,2.5e-05,2.5e-05,8e-06,8e-06,8e-06,1e-06,1e-06,1e-06,4e-06,4e-06,4e-06,0.267424,0.267424,0.267424,0.255649,0.255649,0.255649,0.255205,0.255205,0.255205,0.000337,0.000337,0.000337,3e-06,3e-06,3e-06,0.000254,0.000254,0.000254,5e-06,5e-06,5e-06,3.5e-05,3.5e-05,3.5e-05,1e-05,1e-05,1e-05,1.8e-05,1.8e-05,1.8e-05,7e-06,7e-06,7e-06,1.8e-05,1.8e-05,1.8e-05,7e-06,7e-06,7e-06,1.8e-05,1.8e-05,1.8e-05,8e-06,8e-06,8e-06,0.253272,0.253272,0.253272,2.4e-05,2.4e-05,2.4e-05,0.031276,0.031276,0.031276,2.4e-05,2.4e-05,2.4e-05,0.019008,0.019008,0.019008,1.5e-05,1.5e-05,1.5e-05,2.6e-05,2.6e-05,2.6e-05,0.00258,0.00258,0.00258,0.048888,0.048888,0.048888,0.008398,0.008398,0.008398,3.2e-05,3.2e-05,3.2e-05,0.000337,0.000337,0.000337,1.7e-05,1.7e-05,1.7e-05,0.01464,0.01464,0.01464,2.1e-05,2.1e-05,2.1e-05,0.00802,0.00802,0.00802,0.012548,0.012548,0.012548,0.021137,0.021137,0.021137,0.029958,0.029958,0.029958,0.033581,0.033581,0.033581,6.6e-05,6.6e-05,6.6e-05,0.008009,0.008009,0.008009,6e-06,6e-06,6e-06,3.6e-05,3.6e-05,3.6e-05,2.2e-05,2.2e-05,2.2e-05,7e-06,7e-06,7e-06,0.004901,0.004901,0.004901,0.006715,0.006715,0.006715,3.1e-05,3.1e-05,3.1e-05,2.7e-05,2.7e-05,2.7e-05,2.4e-05,2.4e-05,2.4e-05,2.5e-05,2.5e-05,2.5e-05,2e-05,2e-05,2e-05,6e-06,6e-06,6e-06,0.0024,0.0024,0.0024,0.001504,0.001504,0.001504,0.001451,0.001451,0.001451,0.001281,0.001281,0.001281,0.000322,0.000322,0.000322,0.000918,0.000918,0.000918,4e-06,4e-06,4e-06,1e-06,1e-06,1e-06,2.4e-05,2.4e-05,2.4e-05,0.010101,0.010101,0.010101,4.5e-05,4.5e-05,4.5e-05,5e-06,5e-06,5e-06,2e-06,2e-06,2e-06,2e-06,2e-06,2e-06,1e-06,1e-06,1e-06,2e-06,2e-06,2e-06,15.929182,15.929182,15.929182,0.650116,0.650116,0.650116,0.005251,0.005251,0.005251,0.005159,0.005159,0.005159,0.005094,0.005094,0.005094,1e-06,1e-06,1e-06,1e-06,1e-06,1e-06,1e-06,1e-06,1e-06,0.005058,0.005058,0.005058,6.7e-05,6.7e-05,6.7e-05,5e-05,5e-05,5e-05,1.6e-05,1.6e-05,1.6e-05,7e-06,7e-06,7e-06,0.644522,0.644522,0.644522,0.644513,0.644513,0.644513,0.000897,0.000897,0.000897,0.000887,0.000887,0.000887,0.002645,0.002645,0.002645,0.002632,0.002632,0.002632,1e-05,1e-05,1e-05,1e-06,1e-06,1e-06,9e-06,9e-06,9e-06,1e-06,1e-06,1e-06,0.006873,0.006873,0.006873,0.006859,0.006859,0.006859,0.275119,0.275119,0.275119,0.275107,0.275107,0.275107,1.3e-05,1.3e-05,1.3e-05,2e-06,2e-06,2e-06,1e-05,1e-05,1e-05,1e-06,1e-06,1e-06,0.263901,0.263901,0.263901,0.263891,0.263891,0.263891,1.2e-05,1.2e-05,1.2e-05,1e-06,1e-06,1e-06,0.094888,0.094888,0.094888,0.094877,0.094877,0.094877,10.165408,10.165408,10.165408,0.007318,0.007318,0.007318,0.007171,0.007171,0.007171,0.006784,0.006784,0.006784,1.6e-05,1.6e-05,1.6e-05,1.5e-05,1.5e-05,1.5e-05,2e-05,2e-05,2e-05,6e-06,6e-06,6e-06,2.7e-05,2.7e-05,2.7e-05,0.000567,0.000567,0.000567,0.000115,0.000115,0.000115,8e-06,8e-06,8e-06,0.000709,0.000709,0.000709,0.002267,0.002267,0.002267,0.000403,0.000403,0.000403,0.00243,0.00243,0.00243,4.9e-05,4.9e-05,4.9e-05,3e-06,3e-06,3e-06,6e-06,6e-06,6e-06,7e-06,7e-06,7e-06,4e-06,4e-06,4e-06,2e-06,2e-06,2e-06,2e-06,2e-06,2e-06,9.991713,9.991713,9.991713,9.9916,9.9916,9.9916,0.000127,0.000127,0.000127,1e-06,1e-06,1e-06,0.000106,0.000106,0.000106,4e-06,4e-06,4e-06,6e-06,6e-06,6e-06,2e-06,2e-06,2e-06,2e-06,2e-06,2e-06,1e-06,1e-06,1e-06,2e-06,2e-06,2e-06,1e-06,1e-06,1e-06,2e-06,2e-06,2e-06,1e-06,1e-06,1e-06,9.991021,9.991021,9.991021,0.000303,0.000303,0.000303,0.001417,0.001417,0.001417,0.000321,0.000321,0.000321,0.001427,0.001427,0.001427,5e-06,5e-06,5e-06,4e-06,4e-06,4e-06,8e-06,8e-06,8e-06,4e-06,4e-06,4e-06,0.034493,0.034493,0.034493,0.007397,0.007397,0.007397,0.005356,0.005356,0.005356,9.938913,9.938913,9.938913,2.3e-05,2.3e-05,2.3e-05,1.7e-05,1.7e-05,1.7e-05,0.001192,0.001192,0.001192,0.097366,0.097366,0.097366,0.097179,0.097179,0.097179,0.000224,0.000224,0.000224,3e-06,3e-06,3e-06,0.000179,0.000179,0.000179,6e-06,6e-06,6e-06,1.8e-05,1.8e-05,1.8e-05,5e-06,5e-06,5e-06,1e-05,1e-05,1e-05,4e-06,4e-06,4e-06,1.1e-05,1.1e-05,1.1e-05,5e-06,5e-06,5e-06,9e-06,9e-06,9e-06,6e-06,6e-06,6e-06,0.096341,0.096341,0.096341,2.4e-05,2.4e-05,2.4e-05,0.031371,0.031371,0.031371,2.3e-05,2.3e-05,2.3e-05,0.013255,0.013255,0.013255,7e-06,7e-06,7e-06,1.1e-05,1.1e-05,1.1e-05,2.2e-05,2.2e-05,2.2e-05,0.001411,0.001411,0.001411,0.023604,0.023604,0.023604,0.005034,0.005034,0.005034,0.000106,0.000106,0.000106,0.000516,0.000516,0.000516,0.000105,0.000105,0.000105,0.015047,0.015047,0.015047,0.00011,0.00011,0.00011,0.004176,0.004176,0.004176,0.000119,0.000119,0.000119,0.001185,0.001185,0.001185,6e-05,6e-05,6e-05,4e-06,4e-06,4e-06,2e-06,2e-06,2e-06,2e-06,2e-06,2e-06,0.06875,0.06875,0.06875,0.000152,0.000152,0.000152,7.7e-05,7.7e-05,7.7e-05,6e-05,6e-05,6e-05,4.5e-05,4.5e-05,4.5e-05,3.8e-05,3.8e-05,3.8e-05,3e-06,3e-06,3e-06,1e-06,1e-06,1e-06,5.112018,5.112018,5.112018,0.000471,0.000471,0.000471,0.000412,0.000412,0.000412,0.000373,0.000373,0.000373,2.1e-05,2.1e-05,2.1e-05,6.7e-05,6.7e-05,6.7e-05,1e-06,1e-06,1e-06,9e-06,9e-06,9e-06,4.2e-05,4.2e-05,4.2e-05,1e-06,1e-06,1e-06,0.000112,0.000112,0.000112,2.1e-05,2.1e-05,2.1e-05,6e-06,6e-06,6e-06,2.6e-05,2.6e-05,2.6e-05,5.111295,5.111295,5.111295,5.111183,5.111183,5.111183,5.110983,5.110983,5.110983,9.1e-05,9.1e-05,9.1e-05,7e-06,7e-06,7e-06,3e-06,3e-06,3e-06,3e-05,3e-05,3e-05,2e-06,2e-06,2e-06,0.000218,0.000218,0.000218,0.000102,0.000102,0.000102,0.000127,0.000127,0.000127,0.000152,0.000152,0.000152,5.109869,5.109869,5.109869,2.7e-05,2.7e-05,2.7e-05,2.4e-05,2.4e-05,2.4e-05,5.3e-05,5.3e-05,5.3e-05,2.6e-05,2.6e-05,2.6e-05,1.1e-05,1.1e-05,1.1e-05,2.5e-05,2.5e-05,2.5e-05,2e-06,2e-06,2e-06,8.4e-05,8.4e-05,8.4e-05,0.000167,0.000167,0.000167,0.000135,0.000135,0.000135,0.000105,0.000105,0.000105,7.2e-05,7.2e-05,7.2e-05,0,0,0,0,0,0,0.000424,0.000424,0.000424,16.193831,16.193831,16.193831,0.000599,0.000599,0.000599,0.000406,0.000406,0.000406,11.069862,11.069862,11.069862,0.008593,0.008593,0.008593,0.000693,0.000693,0.000693,0.001992,0.001992,0.001992,0.000705,0.000705,0.000705,0.000132,0.000132,0.000132
"iteration","simulation time",""CCTK total time" (average)",""CCTK total time" (minimum)",""CCTK total time" (maximum)",""IO method CarpetIOBasic" (average)",""IO method CarpetIOBasic" (minimum)",""IO method CarpetIOBasic" (maximum)",""IO method CarpetIOScalar" (average)",""IO method CarpetIOScalar" (minimum)",""IO method CarpetIOScalar" (maximum)",""IO method IOASCII_0D" (average)",""IO method IOASCII_0D" (minimum)",""IO method IOASCII_0D" (maximum)",""IO method IOASCII_1D" (average)",""IO method IOASCII_1D" (minimum)",""IO method IOASCII_1D" (maximum)",""IO method IOASCII_2D" (average)",""IO method IOASCII_2D" (minimum)",""IO method IOASCII_2D" (maximum)",""IO method IOASCII_3D" (average)",""IO method IOASCII_3D" (minimum)",""IO method IOASCII_3D" (maximum)",""IO method IOHDF5" (average)",""IO method IOHDF5" (minimum)",""IO method IOHDF5" (maximum)",""IO method IOHDF5_0D" (average)",""IO method IOHDF5_0D" (minimum)",""IO method IOHDF5_0D" (maximum)",""IO method IOHDF5_1D" (average)",""IO method IOHDF5_1D" (minimum)",""IO method IOHDF5_1D" (maximum)",""IO method IOHDF5_2D" (average)",""IO method IOHDF5_2D" (minimum)",""IO method IOHDF5_2D" (maximum)",""IO method IOHDF5_3D" (average)",""IO method IOHDF5_3D" (minimum)",""IO method IOHDF5_3D" (maximum)",""Slab/apply" (average)",""Slab/apply" (minimum)",""Slab/apply" (maximum)",""Slab/copy_back" (average)",""Slab/copy_back" (minimum)",""Slab/copy_back" (maximum)",""Slab/copy_back_flipgeneral" (average)",""Slab/copy_back_flipgeneral" (minimum)",""Slab/copy_back_flipgeneral" (maximum)",""Slab/copy_back_flipx" (average)",""Slab/copy_back_flipx" (minimum)",""Slab/copy_back_flipx" (maximum)",""Slab/copy_back_flipxy" (average)",""Slab/copy_back_flipxy" (minimum)",""Slab/copy_back_flipxy" (maximum)",""Slab/copy_back_flipy" (average)",""Slab/copy_back_flipy" (minimum)",""Slab/copy_back_flipy" (maximum)",""Slab/copy_back_general" (average)",""Slab/copy_back_general" (minimum)",""Slab/copy_back_general" (maximum)",""Slab/copy_back_noflip" (average)",""Slab/copy_back_noflip" (minimum)",""Slab/copy_back_noflip" (maximum)",""Slab/copy_in" (average)",""Slab/copy_in" (minimum)",""Slab/copy_in" (maximum)",""Slab/copy_in_general" (average)",""Slab/copy_in_general" (minimum)",""Slab/copy_in_general" (maximum)",""Slab/copy_in_noxpose" (average)",""Slab/copy_in_noxpose" (minimum)",""Slab/copy_in_noxpose" (maximum)",""Slab/copy_in_xposegeneral" (average)",""Slab/copy_in_xposegeneral" (minimum)",""Slab/copy_in_xposegeneral" (maximum)",""Slab/copy_in_xposexy" (average)",""Slab/copy_in_xposexy" (minimum)",""Slab/copy_in_xposexy" (maximum)",""Slab/init" (average)",""Slab/init" (minimum)",""Slab/init" (maximum)",""Slab/xfer" (average)",""Slab/xfer" (minimum)",""Slab/xfer" (maximum)",""[0000] Carpet: MultiModel_Startup in CCTK_STARTUP" (average)",""[0000] Carpet: MultiModel_Startup in CCTK_STARTUP" (minimum)",""[0000] Carpet: MultiModel_Startup in CCTK_STARTUP" (maximum)",""[0001] CycleClock: CycleClock_Setup in CCTK_STARTUP" (average)",""[0001] CycleClock: CycleClock_Setup in CCTK_STARTUP" (minimum)",""[0001] CycleClock: CycleClock_Setup in CCTK_STARTUP" (maximum)",""[0002] LoopControl: lc_setup in CCTK_STARTUP" (average)",""[0002] LoopControl: lc_setup in CCTK_STARTUP" (minimum)",""[0002] LoopControl: lc_setup in CCTK_STARTUP" (maximum)",""[0003] ML_BSSN_Helper: ML_BSSN_SetGroupTags in CCTK_STARTUP" (average)",""[0003] ML_BSSN_Helper: ML_BSSN_SetGroupTags in CCTK_STARTUP" (minimum)",""[0003] ML_BSSN_Helper: ML_BSSN_SetGroupTags in CCTK_STARTUP" (maximum)",""[0004] Timers: Timer_Startup in CCTK_STARTUP" (average)",""[0004] Timers: Timer_Startup in CCTK_STARTUP" (minimum)",""[0004] Timers: Timer_Startup in CCTK_STARTUP" (maximum)",""[0005] Carpet: Driver_Startup in CCTK_STARTUP" (average)",""[0005] Carpet: Driver_Startup in CCTK_STARTUP" (minimum)",""[0005] Carpet: Driver_Startup in CCTK_STARTUP" (maximum)",""[0006] IOUtil: IOUtil_Startup in CCTK_STARTUP" (average)",""[0006] IOUtil: IOUtil_Startup in CCTK_STARTUP" (minimum)",""[0006] IOUtil: IOUtil_Startup in CCTK_STARTUP" (maximum)",""[0007] CarpetInterp: CarpetInterpStartup in CCTK_STARTUP" (average)",""[0007] CarpetInterp: CarpetInterpStartup in CCTK_STARTUP" (minimum)",""[0007] CarpetInterp: CarpetInterpStartup in CCTK_STARTUP" (maximum)",""[0008] CarpetReduce: CarpetReduceStartup in CCTK_STARTUP" (average)",""[0008] CarpetReduce: CarpetReduceStartup in CCTK_STARTUP" (minimum)",""[0008] CarpetReduce: CarpetReduceStartup in CCTK_STARTUP" (maximum)",""[0009] CartGrid3D: SymmetryStartup in CCTK_STARTUP" (average)",""[0009] CartGrid3D: SymmetryStartup in CCTK_STARTUP" (minimum)",""[0009] CartGrid3D: SymmetryStartup in CCTK_STARTUP" (maximum)",""[0010] CoordBase: CoordBase_Startup in CCTK_STARTUP" (average)",""[0010] CoordBase: CoordBase_Startup in CCTK_STARTUP" (minimum)",""[0010] CoordBase: CoordBase_Startup in CCTK_STARTUP" (maximum)",""[0011] AEILocalInterp: AEILocalInterp_U_Startup in CCTK_STARTUP" (average)",""[0011] AEILocalInterp: AEILocalInterp_U_Startup in CCTK_STARTUP" (minimum)",""[0011] AEILocalInterp: AEILocalInterp_U_Startup in CCTK_STARTUP" (maximum)",""[0012] CarpetIOASCII: CarpetIOASCIIStartup in CCTK_STARTUP" (average)",""[0012] CarpetIOASCII: CarpetIOASCIIStartup in CCTK_STARTUP" (minimum)",""[0012] CarpetIOASCII: CarpetIOASCIIStartup in CCTK_STARTUP" (maximum)",""[0013] LocalInterp: LocalInterp_Startup in CCTK_STARTUP" (average)",""[0013] LocalInterp: LocalInterp_Startup in CCTK_STARTUP" (minimum)",""[0013] LocalInterp: LocalInterp_Startup in CCTK_STARTUP" (maximum)",""[0014] CarpetIOBasic: CarpetIOBasicStartup in CCTK_STARTUP" (average)",""[0014] CarpetIOBasic: CarpetIOBasicStartup in CCTK_STARTUP" (minimum)",""[0014] CarpetIOBasic: CarpetIOBasicStartup in CCTK_STARTUP" (maximum)",""[0015] ML_BSSN: ML_BSSN_Startup in CCTK_STARTUP" (average)",""[0015] ML_BSSN: ML_BSSN_Startup in CCTK_STARTUP" (minimum)",""[0015] ML_BSSN: ML_BSSN_Startup in CCTK_STARTUP" (maximum)",""[0016] ML_BSSN_Helper: ML_BSSN_RegisterSlicing in CCTK_STARTUP" (average)",""[0016] ML_BSSN_Helper: ML_BSSN_RegisterSlicing in CCTK_STARTUP" (minimum)",""[0016] ML_BSSN_Helper: ML_BSSN_RegisterSlicing in CCTK_STARTUP" (maximum)",""[0017] CarpetIOHDF5: CarpetIOHDF5_Startup in CCTK_STARTUP" (average)",""[0017] CarpetIOHDF5: CarpetIOHDF5_Startup in CCTK_STARTUP" (minimum)",""[0017] CarpetIOHDF5: CarpetIOHDF5_Startup in CCTK_STARTUP" (maximum)",""[0018] MoL: MoL_Startup in CCTK_STARTUP" (average)",""[0018] MoL: MoL_Startup in CCTK_STARTUP" (minimum)",""[0018] MoL: MoL_Startup in CCTK_STARTUP" (maximum)",""[0019] Slab: Slab_InitMPIDatatypes in CCTK_STARTUP" (average)",""[0019] Slab: Slab_InitMPIDatatypes in CCTK_STARTUP" (minimum)",""[0019] Slab: Slab_InitMPIDatatypes in CCTK_STARTUP" (maximum)",""[0020] SymBase: SymBase_Startup in CCTK_STARTUP" (average)",""[0020] SymBase: SymBase_Startup in CCTK_STARTUP" (minimum)",""[0020] SymBase: SymBase_Startup in CCTK_STARTUP" (maximum)",""[0021] CarpetIOScalar: CarpetIOScalarStartup in CCTK_STARTUP" (average)",""[0021] CarpetIOScalar: CarpetIOScalarStartup in CCTK_STARTUP" (minimum)",""[0021] CarpetIOScalar: CarpetIOScalarStartup in CCTK_STARTUP" (maximum)",""[0022] Vectors: Vectors_Startup in CCTK_STARTUP" (average)",""[0022] Vectors: Vectors_Startup in CCTK_STARTUP" (minimum)",""[0022] Vectors: Vectors_Startup in CCTK_STARTUP" (maximum)",""[0023] ADMBase: Einstein_InitSymBound in CCTK_WRAGH" (average)",""[0023] ADMBase: Einstein_InitSymBound in CCTK_WRAGH" (minimum)",""[0023] ADMBase: Einstein_InitSymBound in CCTK_WRAGH" (maximum)",""[0024] ADMConstraints: ADMConstraint_InitSymBound in CCTK_WRAGH" (average)",""[0024] ADMConstraints: ADMConstraint_InitSymBound in CCTK_WRAGH" (minimum)",""[0024] ADMConstraints: ADMConstraint_InitSymBound in CCTK_WRAGH" (maximum)",""[0025] Boundary: Boundary_RegisterBCs in CCTK_WRAGH" (average)",""[0025] Boundary: Boundary_RegisterBCs in CCTK_WRAGH" (minimum)",""[0025] Boundary: Boundary_RegisterBCs in CCTK_WRAGH" (maximum)",""[0026] CartGrid3D: RegisterCartGrid3DCoords in CCTK_WRAGH" (average)",""[0026] CartGrid3D: RegisterCartGrid3DCoords in CCTK_WRAGH" (minimum)",""[0026] CartGrid3D: RegisterCartGrid3DCoords in CCTK_WRAGH" (maximum)",""[0027] CoordGauge: Einstein_ActivateSlicing in CCTK_WRAGH" (average)",""[0027] CoordGauge: Einstein_ActivateSlicing in CCTK_WRAGH" (minimum)",""[0027] CoordGauge: Einstein_ActivateSlicing in CCTK_WRAGH" (maximum)",""[0028] CoordGauge: Einstein_SetNextSlicing in CCTK_WRAGH" (average)",""[0028] CoordGauge: Einstein_SetNextSlicing in CCTK_WRAGH" (minimum)",""[0028] CoordGauge: Einstein_SetNextSlicing in CCTK_WRAGH" (maximum)",""[0029] ML_BSSN_Helper: ML_BSSN_ParamCompat in CCTK_WRAGH" (average)",""[0029] ML_BSSN_Helper: ML_BSSN_ParamCompat in CCTK_WRAGH" (minimum)",""[0029] ML_BSSN_Helper: ML_BSSN_ParamCompat in CCTK_WRAGH" (maximum)",""[0030] ManyBH: ManyBH_spectralinit in CCTK_WRAGH" (average)",""[0030] ManyBH: ManyBH_spectralinit in CCTK_WRAGH" (minimum)",""[0030] ManyBH: ManyBH_spectralinit in CCTK_WRAGH" (maximum)",""[0031] MoL: MoL_SetupIndexArrays in CCTK_WRAGH" (average)",""[0031] MoL: MoL_SetupIndexArrays in CCTK_WRAGH" (minimum)",""[0031] MoL: MoL_SetupIndexArrays in CCTK_WRAGH" (maximum)",""[0032] MoL: MoL_SetScheduleStatus in CCTK_WRAGH" (average)",""[0032] MoL: MoL_SetScheduleStatus in CCTK_WRAGH" (minimum)",""[0032] MoL: MoL_SetScheduleStatus in CCTK_WRAGH" (maximum)",""[0033] TmunuBase: TmunuBase_SetStressEnergyState in CCTK_WRAGH" (average)",""[0033] TmunuBase: TmunuBase_SetStressEnergyState in CCTK_WRAGH" (minimum)",""[0033] TmunuBase: TmunuBase_SetStressEnergyState in CCTK_WRAGH" (maximum)",""[0034] ML_BSSN: ML_BSSN_RegisterVars in CCTK_WRAGH" (average)",""[0034] ML_BSSN: ML_BSSN_RegisterVars in CCTK_WRAGH" (minimum)",""[0034] ML_BSSN: ML_BSSN_RegisterVars in CCTK_WRAGH" (maximum)",""[0035] ML_BSSN_Helper: ML_BSSN_RegisterConstrained in CCTK_WRAGH" (average)",""[0035] ML_BSSN_Helper: ML_BSSN_RegisterConstrained in CCTK_WRAGH" (minimum)",""[0035] ML_BSSN_Helper: ML_BSSN_RegisterConstrained in CCTK_WRAGH" (maximum)",""[0036] Slab: Slab_InitTimers in CCTK_WRAGH" (average)",""[0036] Slab: Slab_InitTimers in CCTK_WRAGH" (minimum)",""[0036] Slab: Slab_InitTimers in CCTK_WRAGH" (maximum)",""[0037] CartGrid3D: RegisterSymmetryBoundaries in CCTK_WRAGH" (average)",""[0037] CartGrid3D: RegisterSymmetryBoundaries in CCTK_WRAGH" (minimum)",""[0037] CartGrid3D: RegisterSymmetryBoundaries in CCTK_WRAGH" (maximum)",""[0038] ML_BSSN: ML_BSSN_RegisterSymmetries in CCTK_WRAGH" (average)",""[0038] ML_BSSN: ML_BSSN_RegisterSymmetries in CCTK_WRAGH" (minimum)",""[0038] ML_BSSN: ML_BSSN_RegisterSymmetries in CCTK_WRAGH" (maximum)",""[0039] SymBase: SymBase_Statistics in CCTK_WRAGH" (average)",""[0039] SymBase: SymBase_Statistics in CCTK_WRAGH" (minimum)",""[0039] SymBase: SymBase_Statistics in CCTK_WRAGH" (maximum)",""[0040] MoL: MoL_ReportNumberVariables in CCTK_WRAGH" (average)",""[0040] MoL: MoL_ReportNumberVariables in CCTK_WRAGH" (minimum)",""[0040] MoL: MoL_ReportNumberVariables in CCTK_WRAGH" (maximum)",""[0041] ADMBase: ADMBase_ParamCheck in CCTK_PARAMCHECK" (average)",""[0041] ADMBase: ADMBase_ParamCheck in CCTK_PARAMCHECK" (minimum)",""[0041] ADMBase: ADMBase_ParamCheck in CCTK_PARAMCHECK" (maximum)",""[0042] ADMConstraints: ADMConstraints_ParamCheck in CCTK_PARAMCHECK" (average)",""[0042] ADMConstraints: ADMConstraints_ParamCheck in CCTK_PARAMCHECK" (minimum)",""[0042] ADMConstraints: ADMConstraints_ParamCheck in CCTK_PARAMCHECK" (maximum)",""[0043] Boundary: Boundary_Check in CCTK_PARAMCHECK" (average)",""[0043] Boundary: Boundary_Check in CCTK_PARAMCHECK" (minimum)",""[0043] Boundary: Boundary_Check in CCTK_PARAMCHECK" (maximum)",""[0044] Carpet: CarpetParamCheck in CCTK_PARAMCHECK" (average)",""[0044] Carpet: CarpetParamCheck in CCTK_PARAMCHECK" (minimum)",""[0044] Carpet: CarpetParamCheck in CCTK_PARAMCHECK" (maximum)",""[0045] CarpetLib: CarpetLib_test_prolongate_3d_rf2 in CCTK_PARAMCHECK" (average)",""[0045] CarpetLib: CarpetLib_test_prolongate_3d_rf2 in CCTK_PARAMCHECK" (minimum)",""[0045] CarpetLib: CarpetLib_test_prolongate_3d_rf2 in CCTK_PARAMCHECK" (maximum)",""[0046] CartGrid3D: ParamCheck_CartGrid3D in CCTK_PARAMCHECK" (average)",""[0046] CartGrid3D: ParamCheck_CartGrid3D in CCTK_PARAMCHECK" (minimum)",""[0046] CartGrid3D: ParamCheck_CartGrid3D in CCTK_PARAMCHECK" (maximum)",""[0047] Fortran: CheckFortranParameters in CCTK_PARAMCHECK" (average)",""[0047] Fortran: CheckFortranParameters in CCTK_PARAMCHECK" (minimum)",""[0047] Fortran: CheckFortranParameters in CCTK_PARAMCHECK" (maximum)",""[0048] ML_BSSN_Helper: ML_BSSN_ParamCheck in CCTK_PARAMCHECK" (average)",""[0048] ML_BSSN_Helper: ML_BSSN_ParamCheck in CCTK_PARAMCHECK" (minimum)",""[0048] ML_BSSN_Helper: ML_BSSN_ParamCheck in CCTK_PARAMCHECK" (maximum)",""[0049] MoL: MoL_ParamCheck in CCTK_PARAMCHECK" (average)",""[0049] MoL: MoL_ParamCheck in CCTK_PARAMCHECK" (minimum)",""[0049] MoL: MoL_ParamCheck in CCTK_PARAMCHECK" (maximum)",""[0050] Vectors: Vectors_Test in CCTK_PARAMCHECK" (average)",""[0050] Vectors: Vectors_Test in CCTK_PARAMCHECK" (minimum)",""[0050] Vectors: Vectors_Test in CCTK_PARAMCHECK" (maximum)",""[0051] ADMBase: ADMBase_SetShiftStateOn in CCTK_BASEGRID" (average)",""[0051] ADMBase: ADMBase_SetShiftStateOn in CCTK_BASEGRID" (minimum)",""[0051] ADMBase: ADMBase_SetShiftStateOn in CCTK_BASEGRID" (maximum)",""[0052] ADMBase: ADMBase_SetDtLapseStateOn in CCTK_BASEGRID" (average)",""[0052] ADMBase: ADMBase_SetDtLapseStateOn in CCTK_BASEGRID" (minimum)",""[0052] ADMBase: ADMBase_SetDtLapseStateOn in CCTK_BASEGRID" (maximum)",""[0053] ADMBase: ADMBase_SetDtShiftStateOn in CCTK_BASEGRID" (average)",""[0053] ADMBase: ADMBase_SetDtShiftStateOn in CCTK_BASEGRID" (minimum)",""[0053] ADMBase: ADMBase_SetDtShiftStateOn in CCTK_BASEGRID" (maximum)",""[0054] ADMMacros: ADMMacros_SetLocalSpatialOrder in CCTK_BASEGRID" (average)",""[0054] ADMMacros: ADMMacros_SetLocalSpatialOrder in CCTK_BASEGRID" (minimum)",""[0054] ADMMacros: ADMMacros_SetLocalSpatialOrder in CCTK_BASEGRID" (maximum)",""[0055] CartGrid3D: SpatialSpacings in CCTK_BASEGRID" (average)",""[0055] CartGrid3D: SpatialSpacings in CCTK_BASEGRID" (minimum)",""[0055] CartGrid3D: SpatialSpacings in CCTK_BASEGRID" (maximum)",""[0056] CartGrid3D: SpatialCoordinates in CCTK_BASEGRID" (average)",""[0056] CartGrid3D: SpatialCoordinates in CCTK_BASEGRID" (minimum)",""[0056] CartGrid3D: SpatialCoordinates in CCTK_BASEGRID" (maximum)",""[0057] CarpetReduce: MaskBase_AllocateMask in CCTK_BASEGRID" (average)",""[0057] CarpetReduce: MaskBase_AllocateMask in CCTK_BASEGRID" (minimum)",""[0057] CarpetReduce: MaskBase_AllocateMask in CCTK_BASEGRID" (maximum)",""[0058] CarpetReduce: MaskBase_InitMask in CCTK_BASEGRID" (average)",""[0058] CarpetReduce: MaskBase_InitMask in CCTK_BASEGRID" (minimum)",""[0058] CarpetReduce: MaskBase_InitMask in CCTK_BASEGRID" (maximum)",""[0059] CarpetReduce: CoordBase_SetupMask in CCTK_BASEGRID" (average)",""[0059] CarpetReduce: CoordBase_SetupMask in CCTK_BASEGRID" (minimum)",""[0059] CarpetReduce: CoordBase_SetupMask in CCTK_BASEGRID" (maximum)",""[0060] CarpetReduce: CarpetMaskSetup in CCTK_BASEGRID" (average)",""[0060] CarpetReduce: CarpetMaskSetup in CCTK_BASEGRID" (minimum)",""[0060] CarpetReduce: CarpetMaskSetup in CCTK_BASEGRID" (maximum)",""[0061] CarpetReduce: MaskBase_SetMask in CCTK_BASEGRID" (average)",""[0061] CarpetReduce: MaskBase_SetMask in CCTK_BASEGRID" (minimum)",""[0061] CarpetReduce: MaskBase_SetMask in CCTK_BASEGRID" (maximum)",""[0062] CarpetReduce: MaskBase_TestMask in CCTK_BASEGRID" (average)",""[0062] CarpetReduce: MaskBase_TestMask in CCTK_BASEGRID" (minimum)",""[0062] CarpetReduce: MaskBase_TestMask in CCTK_BASEGRID" (maximum)",""[0063] ML_BSSN: ML_BSSN_CheckBoundaries in CCTK_BASEGRID" (average)",""[0063] ML_BSSN: ML_BSSN_CheckBoundaries in CCTK_BASEGRID" (minimum)",""[0063] ML_BSSN: ML_BSSN_CheckBoundaries in CCTK_BASEGRID" (maximum)",""[0064] SymBase: SymBase_Check in CCTK_BASEGRID" (average)",""[0064] SymBase: SymBase_Check in CCTK_BASEGRID" (minimum)",""[0064] SymBase: SymBase_Check in CCTK_BASEGRID" (maximum)",""[0065] Time: Time_Initialise in CCTK_BASEGRID" (average)",""[0065] Time: Time_Initialise in CCTK_BASEGRID" (minimum)",""[0065] Time: Time_Initialise in CCTK_BASEGRID" (maximum)",""[0066] Time: TemporalSpacings in CCTK_BASEGRID" (average)",""[0066] Time: TemporalSpacings in CCTK_BASEGRID" (minimum)",""[0066] Time: TemporalSpacings in CCTK_BASEGRID" (maximum)",""[0067] StaticConformal: StaticConformal_InitialiseState in CCTK_INITIAL" (average)",""[0067] StaticConformal: StaticConformal_InitialiseState in CCTK_INITIAL" (minimum)",""[0067] StaticConformal: StaticConformal_InitialiseState in CCTK_INITIAL" (maximum)",""[0068] ManyBH: ManyBH_initialdata in CCTK_INITIAL" (average)",""[0068] ManyBH: ManyBH_initialdata in CCTK_INITIAL" (minimum)",""[0068] ManyBH: ManyBH_initialdata in CCTK_INITIAL" (maximum)",""[0069] ADMBase: ADMBase_LapseOne in CCTK_INITIAL" (average)",""[0069] ADMBase: ADMBase_LapseOne in CCTK_INITIAL" (minimum)",""[0069] ADMBase: ADMBase_LapseOne in CCTK_INITIAL" (maximum)",""[0070] ADMBase: ADMBase_ShiftZero in CCTK_INITIAL" (average)",""[0070] ADMBase: ADMBase_ShiftZero in CCTK_INITIAL" (minimum)",""[0070] ADMBase: ADMBase_ShiftZero in CCTK_INITIAL" (maximum)",""[0071] ADMBase: ADMBase_DtLapseZero in CCTK_INITIAL" (average)",""[0071] ADMBase: ADMBase_DtLapseZero in CCTK_INITIAL" (minimum)",""[0071] ADMBase: ADMBase_DtLapseZero in CCTK_INITIAL" (maximum)",""[0072] ADMBase: ADMBase_DtShiftZero in CCTK_INITIAL" (average)",""[0072] ADMBase: ADMBase_DtShiftZero in CCTK_INITIAL" (minimum)",""[0072] ADMBase: ADMBase_DtShiftZero in CCTK_INITIAL" (maximum)",""[0073] CarpetIOASCII: CarpetIOASCIIInit in CCTK_INITIAL" (average)",""[0073] CarpetIOASCII: CarpetIOASCIIInit in CCTK_INITIAL" (minimum)",""[0073] CarpetIOASCII: CarpetIOASCIIInit in CCTK_INITIAL" (maximum)",""[0074] CarpetIOBasic: CarpetIOBasicInit in CCTK_INITIAL" (average)",""[0074] CarpetIOBasic: CarpetIOBasicInit in CCTK_INITIAL" (minimum)",""[0074] CarpetIOBasic: CarpetIOBasicInit in CCTK_INITIAL" (maximum)",""[0075] CarpetIOHDF5: CarpetIOHDF5_Init in CCTK_INITIAL" (average)",""[0075] CarpetIOHDF5: CarpetIOHDF5_Init in CCTK_INITIAL" (minimum)",""[0075] CarpetIOHDF5: CarpetIOHDF5_Init in CCTK_INITIAL" (maximum)",""[0076] CarpetIOScalar: CarpetIOScalarInit in CCTK_INITIAL" (average)",""[0076] CarpetIOScalar: CarpetIOScalarInit in CCTK_INITIAL" (minimum)",""[0076] CarpetIOScalar: CarpetIOScalarInit in CCTK_INITIAL" (maximum)",""[0077] ML_BSSN: ML_BSSN_InitialADMBase1Everywhere in CCTK_INITIAL" (average)",""[0077] ML_BSSN: ML_BSSN_InitialADMBase1Everywhere in CCTK_INITIAL" (minimum)",""[0077] ML_BSSN: ML_BSSN_InitialADMBase1Everywhere in CCTK_INITIAL" (maximum)",""[0078] ML_BSSN: ML_BSSN_InitialADMBase2BoundaryScalar in CCTK_INITIAL" (average)",""[0078] ML_BSSN: ML_BSSN_InitialADMBase2BoundaryScalar in CCTK_INITIAL" (minimum)",""[0078] ML_BSSN: ML_BSSN_InitialADMBase2BoundaryScalar in CCTK_INITIAL" (maximum)",""[0079] MoL: MoL_StartLoop in CCTK_INITIAL" (average)",""[0079] MoL: MoL_StartLoop in CCTK_INITIAL" (minimum)",""[0079] MoL: MoL_StartLoop in CCTK_INITIAL" (maximum)",""[0080] ML_BSSN: ML_BSSN_InitialADMBase2Interior in CCTK_INITIAL" (average)",""[0080] ML_BSSN: ML_BSSN_InitialADMBase2Interior in CCTK_INITIAL" (minimum)",""[0080] ML_BSSN: ML_BSSN_InitialADMBase2Interior in CCTK_INITIAL" (maximum)",""[0081] TmunuBase: TmunuBase_ZeroTmunu in CCTK_INITIAL" (average)",""[0081] TmunuBase: TmunuBase_ZeroTmunu in CCTK_INITIAL" (minimum)",""[0081] TmunuBase: TmunuBase_ZeroTmunu in CCTK_INITIAL" (maximum)",""[0082] ML_BSSN: ML_BSSN_EnforceEverywhere in CCTK_POSTINITIAL" (average)",""[0082] ML_BSSN: ML_BSSN_EnforceEverywhere in CCTK_POSTINITIAL" (minimum)",""[0082] ML_BSSN: ML_BSSN_EnforceEverywhere in CCTK_POSTINITIAL" (maximum)",""[0083] CarpetIOHDF5: CarpetIOHDF5_CloseFiles in CCTK_POSTINITIAL" (average)",""[0083] CarpetIOHDF5: CarpetIOHDF5_CloseFiles in CCTK_POSTINITIAL" (minimum)",""[0083] CarpetIOHDF5: CarpetIOHDF5_CloseFiles in CCTK_POSTINITIAL" (maximum)",""[0084] ADMBase: ADMBase_Boundaries in CCTK_POSTINITIAL" (average)",""[0084] ADMBase: ADMBase_Boundaries in CCTK_POSTINITIAL" (minimum)",""[0084] ADMBase: ADMBase_Boundaries in CCTK_POSTINITIAL" (maximum)",""[0085] Boundary: Boundary_ApplyPhysicalBCs in CCTK_POSTINITIAL" (average)",""[0085] Boundary: Boundary_ApplyPhysicalBCs in CCTK_POSTINITIAL" (minimum)",""[0085] Boundary: Boundary_ApplyPhysicalBCs in CCTK_POSTINITIAL" (maximum)",""[0086] CartGrid3D: CartGrid3D_ApplyBC in CCTK_POSTINITIAL" (average)",""[0086] CartGrid3D: CartGrid3D_ApplyBC in CCTK_POSTINITIAL" (minimum)",""[0086] CartGrid3D: CartGrid3D_ApplyBC in CCTK_POSTINITIAL" (maximum)",""[0087] Boundary: Boundary_ClearSelection in CCTK_POSTINITIAL" (average)",""[0087] Boundary: Boundary_ClearSelection in CCTK_POSTINITIAL" (minimum)",""[0087] Boundary: Boundary_ClearSelection in CCTK_POSTINITIAL" (maximum)",""[0088] ML_BSSN: ML_BSSN_SelectBoundConds in CCTK_POSTINITIAL" (average)",""[0088] ML_BSSN: ML_BSSN_SelectBoundConds in CCTK_POSTINITIAL" (minimum)",""[0088] ML_BSSN: ML_BSSN_SelectBoundConds in CCTK_POSTINITIAL" (maximum)",""[0089] ML_BSSN: ML_BSSN_ADMBaseInterior in CCTK_POSTINITIAL" (average)",""[0089] ML_BSSN: ML_BSSN_ADMBaseInterior in CCTK_POSTINITIAL" (minimum)",""[0089] ML_BSSN: ML_BSSN_ADMBaseInterior in CCTK_POSTINITIAL" (maximum)",""[0090] ML_BSSN: ML_BSSN_ADMBaseBoundaryScalar in CCTK_POSTINITIAL" (average)",""[0090] ML_BSSN: ML_BSSN_ADMBaseBoundaryScalar in CCTK_POSTINITIAL" (minimum)",""[0090] ML_BSSN: ML_BSSN_ADMBaseBoundaryScalar in CCTK_POSTINITIAL" (maximum)",""[0091] ML_BSSN: ML_BSSN_ADMBaseEverywhere in CCTK_POSTINITIAL" (average)",""[0091] ML_BSSN: ML_BSSN_ADMBaseEverywhere in CCTK_POSTINITIAL" (minimum)",""[0091] ML_BSSN: ML_BSSN_ADMBaseEverywhere in CCTK_POSTINITIAL" (maximum)",""[0092] ML_BSSN_Helper: ML_BSSN_ADMBase_SelectBCs in CCTK_POSTINITIAL" (average)",""[0092] ML_BSSN_Helper: ML_BSSN_ADMBase_SelectBCs in CCTK_POSTINITIAL" (minimum)",""[0092] ML_BSSN_Helper: ML_BSSN_ADMBase_SelectBCs in CCTK_POSTINITIAL" (maximum)",""[0093] TmunuBase: TmunuBase_ZeroTmunu in CCTK_POSTINITIAL" (average)",""[0093] TmunuBase: TmunuBase_ZeroTmunu in CCTK_POSTINITIAL" (minimum)",""[0093] TmunuBase: TmunuBase_ZeroTmunu in CCTK_POSTINITIAL" (maximum)",""[0094] ADMConstraints: ADMConstraints in CCTK_POSTINITIAL" (average)",""[0094] ADMConstraints: ADMConstraints in CCTK_POSTINITIAL" (minimum)",""[0094] ADMConstraints: ADMConstraints in CCTK_POSTINITIAL" (maximum)",""[0095] ADMConstraints: ADMConstraints_Boundaries in CCTK_POSTINITIAL" (average)",""[0095] ADMConstraints: ADMConstraints_Boundaries in CCTK_POSTINITIAL" (minimum)",""[0095] ADMConstraints: ADMConstraints_Boundaries in CCTK_POSTINITIAL" (maximum)",""[0096] ML_BSSN: ML_BSSN_ConstraintsEverywhere in CCTK_POSTINITIAL" (average)",""[0096] ML_BSSN: ML_BSSN_ConstraintsEverywhere in CCTK_POSTINITIAL" (minimum)",""[0096] ML_BSSN: ML_BSSN_ConstraintsEverywhere in CCTK_POSTINITIAL" (maximum)",""[0097] ML_BSSN: ML_BSSN_ConstraintsEverywhere_SelectBCs in CCTK_POSTINITIAL" (average)",""[0097] ML_BSSN: ML_BSSN_ConstraintsEverywhere_SelectBCs in CCTK_POSTINITIAL" (minimum)",""[0097] ML_BSSN: ML_BSSN_ConstraintsEverywhere_SelectBCs in CCTK_POSTINITIAL" (maximum)",""[0098] ML_BSSN: ML_BSSN_ConstraintsInterior in CCTK_POSTINITIAL" (average)",""[0098] ML_BSSN: ML_BSSN_ConstraintsInterior in CCTK_POSTINITIAL" (minimum)",""[0098] ML_BSSN: ML_BSSN_ConstraintsInterior in CCTK_POSTINITIAL" (maximum)",""[0099] ML_BSSN: ML_BSSN_ConstraintsInterior_SelectBCs in CCTK_POSTINITIAL" (average)",""[0099] ML_BSSN: ML_BSSN_ConstraintsInterior_SelectBCs in CCTK_POSTINITIAL" (minimum)",""[0099] ML_BSSN: ML_BSSN_ConstraintsInterior_SelectBCs in CCTK_POSTINITIAL" (maximum)",""[0100] ManyBH: ManyBH_cleanup in CCTK_POSTPOSTINITIAL" (average)",""[0100] ManyBH: ManyBH_cleanup in CCTK_POSTPOSTINITIAL" (minimum)",""[0100] ManyBH: ManyBH_cleanup in CCTK_POSTPOSTINITIAL" (maximum)",""[0101] CarpetIOHDF5: CarpetIOHDF5_InitialDataCheckpoint in CCTK_CPINITIAL" (average)",""[0101] CarpetIOHDF5: CarpetIOHDF5_InitialDataCheckpoint in CCTK_CPINITIAL" (minimum)",""[0101] CarpetIOHDF5: CarpetIOHDF5_InitialDataCheckpoint in CCTK_CPINITIAL" (maximum)",""[0102] CarpetLib: CarpetLib_printtimestats in CCTK_ANALYSIS" (average)",""[0102] CarpetLib: CarpetLib_printtimestats in CCTK_ANALYSIS" (minimum)",""[0102] CarpetLib: CarpetLib_printtimestats in CCTK_ANALYSIS" (maximum)",""[0103] CarpetLib: CarpetLib_printmemstats in CCTK_ANALYSIS" (average)",""[0103] CarpetLib: CarpetLib_printmemstats in CCTK_ANALYSIS" (minimum)",""[0103] CarpetLib: CarpetLib_printmemstats in CCTK_ANALYSIS" (maximum)",""[0104] LoopControl: lc_statistics_analysis in CCTK_ANALYSIS" (average)",""[0104] LoopControl: lc_statistics_analysis in CCTK_ANALYSIS" (minimum)",""[0104] LoopControl: lc_statistics_analysis in CCTK_ANALYSIS" (maximum)",""[0105] TimerReport: zzz_TimerReport_Output in CCTK_ANALYSIS" (average)",""[0105] TimerReport: zzz_TimerReport_Output in CCTK_ANALYSIS" (minimum)",""[0105] TimerReport: zzz_TimerReport_Output in CCTK_ANALYSIS" (maximum)",""[0106] ADMBase: ADMBase_LapseStatic in CCTK_PRESTEP" (average)",""[0106] ADMBase: ADMBase_LapseStatic in CCTK_PRESTEP" (minimum)",""[0106] ADMBase: ADMBase_LapseStatic in CCTK_PRESTEP" (maximum)",""[0107] ADMBase: ADMBase_ShiftStatic in CCTK_PRESTEP" (average)",""[0107] ADMBase: ADMBase_ShiftStatic in CCTK_PRESTEP" (minimum)",""[0107] ADMBase: ADMBase_ShiftStatic in CCTK_PRESTEP" (maximum)",""[0108] CoordGauge: Einstein_SetNextSlicing in CCTK_PRESTEP" (average)",""[0108] CoordGauge: Einstein_SetNextSlicing in CCTK_PRESTEP" (minimum)",""[0108] CoordGauge: Einstein_SetNextSlicing in CCTK_PRESTEP" (maximum)",""[0109] LoopControl: lc_steer in CCTK_PRESTEP" (average)",""[0109] LoopControl: lc_steer in CCTK_PRESTEP" (minimum)",""[0109] LoopControl: lc_steer in CCTK_PRESTEP" (maximum)",""[0110] MoL: MoL_StartLoop in CCTK_EVOL" (average)",""[0110] MoL: MoL_StartLoop in CCTK_EVOL" (minimum)",""[0110] MoL: MoL_StartLoop in CCTK_EVOL" (maximum)",""[0111] MoL: MoL_SetCounter in CCTK_EVOL" (average)",""[0111] MoL: MoL_SetCounter in CCTK_EVOL" (minimum)",""[0111] MoL: MoL_SetCounter in CCTK_EVOL" (maximum)",""[0112] MoL: MoL_SetTime in CCTK_EVOL" (average)",""[0112] MoL: MoL_SetTime in CCTK_EVOL" (minimum)",""[0112] MoL: MoL_SetTime in CCTK_EVOL" (maximum)",""[0113] MoL: MoL_AllocateScratchSpace in CCTK_EVOL" (average)",""[0113] MoL: MoL_AllocateScratchSpace in CCTK_EVOL" (minimum)",""[0113] MoL: MoL_AllocateScratchSpace in CCTK_EVOL" (maximum)",""[0114] MoL: MoL_InitialCopy in CCTK_EVOL" (average)",""[0114] MoL: MoL_InitialCopy in CCTK_EVOL" (minimum)",""[0114] MoL: MoL_InitialCopy in CCTK_EVOL" (maximum)",""[0115] MoL: MoL_InitRHS in CCTK_EVOL" (average)",""[0115] MoL: MoL_InitRHS in CCTK_EVOL" (minimum)",""[0115] MoL: MoL_InitRHS in CCTK_EVOL" (maximum)",""[0116] ML_BSSN: ML_BSSN_EvolutionBoundaryScalar in CCTK_EVOL" (average)",""[0116] ML_BSSN: ML_BSSN_EvolutionBoundaryScalar in CCTK_EVOL" (minimum)",""[0116] ML_BSSN: ML_BSSN_EvolutionBoundaryScalar in CCTK_EVOL" (maximum)",""[0117] ML_BSSN: ML_BSSN_EvolutionInteriorSplitBy1 in CCTK_EVOL" (average)",""[0117] ML_BSSN: ML_BSSN_EvolutionInteriorSplitBy1 in CCTK_EVOL" (minimum)",""[0117] ML_BSSN: ML_BSSN_EvolutionInteriorSplitBy1 in CCTK_EVOL" (maximum)",""[0118] ML_BSSN: ML_BSSN_EvolutionInteriorSplitBy2 in CCTK_EVOL" (average)",""[0118] ML_BSSN: ML_BSSN_EvolutionInteriorSplitBy2 in CCTK_EVOL" (minimum)",""[0118] ML_BSSN: ML_BSSN_EvolutionInteriorSplitBy2 in CCTK_EVOL" (maximum)",""[0119] ML_BSSN: ML_BSSN_EvolutionInteriorSplitBy3 in CCTK_EVOL" (average)",""[0119] ML_BSSN: ML_BSSN_EvolutionInteriorSplitBy3 in CCTK_EVOL" (minimum)",""[0119] ML_BSSN: ML_BSSN_EvolutionInteriorSplitBy3 in CCTK_EVOL" (maximum)",""[0120] MoL: MoL_Add in CCTK_EVOL" (average)",""[0120] MoL: MoL_Add in CCTK_EVOL" (minimum)",""[0120] MoL: MoL_Add in CCTK_EVOL" (maximum)",""[0121] MoL: MoL_DecrementCounter in CCTK_EVOL" (average)",""[0121] MoL: MoL_DecrementCounter in CCTK_EVOL" (minimum)",""[0121] MoL: MoL_DecrementCounter in CCTK_EVOL" (maximum)",""[0122] MoL: MoL_ResetTime in CCTK_EVOL" (average)",""[0122] MoL: MoL_ResetTime in CCTK_EVOL" (minimum)",""[0122] MoL: MoL_ResetTime in CCTK_EVOL" (maximum)",""[0123] ML_BSSN: ML_BSSN_EnforceEverywhere in CCTK_EVOL" (average)",""[0123] ML_BSSN: ML_BSSN_EnforceEverywhere in CCTK_EVOL" (minimum)",""[0123] ML_BSSN: ML_BSSN_EnforceEverywhere in CCTK_EVOL" (maximum)",""[0124] ADMBase: ADMBase_Boundaries in CCTK_EVOL" (average)",""[0124] ADMBase: ADMBase_Boundaries in CCTK_EVOL" (minimum)",""[0124] ADMBase: ADMBase_Boundaries in CCTK_EVOL" (maximum)",""[0125] Boundary: Boundary_ApplyPhysicalBCs in CCTK_EVOL" (average)",""[0125] Boundary: Boundary_ApplyPhysicalBCs in CCTK_EVOL" (minimum)",""[0125] Boundary: Boundary_ApplyPhysicalBCs in CCTK_EVOL" (maximum)",""[0126] CartGrid3D: CartGrid3D_ApplyBC in CCTK_EVOL" (average)",""[0126] CartGrid3D: CartGrid3D_ApplyBC in CCTK_EVOL" (minimum)",""[0126] CartGrid3D: CartGrid3D_ApplyBC in CCTK_EVOL" (maximum)",""[0127] Boundary: Boundary_ClearSelection in CCTK_EVOL" (average)",""[0127] Boundary: Boundary_ClearSelection in CCTK_EVOL" (minimum)",""[0127] Boundary: Boundary_ClearSelection in CCTK_EVOL" (maximum)",""[0128] ML_BSSN: ML_BSSN_SelectBoundConds in CCTK_EVOL" (average)",""[0128] ML_BSSN: ML_BSSN_SelectBoundConds in CCTK_EVOL" (minimum)",""[0128] ML_BSSN: ML_BSSN_SelectBoundConds in CCTK_EVOL" (maximum)",""[0129] ML_BSSN: ML_BSSN_ADMBaseInterior in CCTK_EVOL" (average)",""[0129] ML_BSSN: ML_BSSN_ADMBaseInterior in CCTK_EVOL" (minimum)",""[0129] ML_BSSN: ML_BSSN_ADMBaseInterior in CCTK_EVOL" (maximum)",""[0130] ML_BSSN: ML_BSSN_ADMBaseBoundaryScalar in CCTK_EVOL" (average)",""[0130] ML_BSSN: ML_BSSN_ADMBaseBoundaryScalar in CCTK_EVOL" (minimum)",""[0130] ML_BSSN: ML_BSSN_ADMBaseBoundaryScalar in CCTK_EVOL" (maximum)",""[0131] ML_BSSN: ML_BSSN_ADMBaseEverywhere in CCTK_EVOL" (average)",""[0131] ML_BSSN: ML_BSSN_ADMBaseEverywhere in CCTK_EVOL" (minimum)",""[0131] ML_BSSN: ML_BSSN_ADMBaseEverywhere in CCTK_EVOL" (maximum)",""[0132] ML_BSSN_Helper: ML_BSSN_ADMBase_SelectBCs in CCTK_EVOL" (average)",""[0132] ML_BSSN_Helper: ML_BSSN_ADMBase_SelectBCs in CCTK_EVOL" (minimum)",""[0132] ML_BSSN_Helper: ML_BSSN_ADMBase_SelectBCs in CCTK_EVOL" (maximum)",""[0133] TmunuBase: TmunuBase_ZeroTmunu in CCTK_EVOL" (average)",""[0133] TmunuBase: TmunuBase_ZeroTmunu in CCTK_EVOL" (minimum)",""[0133] TmunuBase: TmunuBase_ZeroTmunu in CCTK_EVOL" (maximum)",""[0134] MoL: MoL_ResetDeltaTime in CCTK_EVOL" (average)",""[0134] MoL: MoL_ResetDeltaTime in CCTK_EVOL" (minimum)",""[0134] MoL: MoL_ResetDeltaTime in CCTK_EVOL" (maximum)",""[0135] MoL: MoL_FinishLoop in CCTK_EVOL" (average)",""[0135] MoL: MoL_FinishLoop in CCTK_EVOL" (minimum)",""[0135] MoL: MoL_FinishLoop in CCTK_EVOL" (maximum)",""[0136] MoL: MoL_RestoreSandR in CCTK_EVOL" (average)",""[0136] MoL: MoL_RestoreSandR in CCTK_EVOL" (minimum)",""[0136] MoL: MoL_RestoreSandR in CCTK_EVOL" (maximum)",""[0137] MoL: MoL_FreeScratchSpace in CCTK_EVOL" (average)",""[0137] MoL: MoL_FreeScratchSpace in CCTK_EVOL" (minimum)",""[0137] MoL: MoL_FreeScratchSpace in CCTK_EVOL" (maximum)",""[0138] ADMConstraints: ADMConstraints in CCTK_EVOL" (average)",""[0138] ADMConstraints: ADMConstraints in CCTK_EVOL" (minimum)",""[0138] ADMConstraints: ADMConstraints in CCTK_EVOL" (maximum)",""[0139] ADMConstraints: ADMConstraints_Boundaries in CCTK_EVOL" (average)",""[0139] ADMConstraints: ADMConstraints_Boundaries in CCTK_EVOL" (minimum)",""[0139] ADMConstraints: ADMConstraints_Boundaries in CCTK_EVOL" (maximum)",""[0140] ML_BSSN: ML_BSSN_ConstraintsEverywhere in CCTK_EVOL" (average)",""[0140] ML_BSSN: ML_BSSN_ConstraintsEverywhere in CCTK_EVOL" (minimum)",""[0140] ML_BSSN: ML_BSSN_ConstraintsEverywhere in CCTK_EVOL" (maximum)",""[0141] ML_BSSN: ML_BSSN_ConstraintsEverywhere_SelectBCs in CCTK_EVOL" (average)",""[0141] ML_BSSN: ML_BSSN_ConstraintsEverywhere_SelectBCs in CCTK_EVOL" (minimum)",""[0141] ML_BSSN: ML_BSSN_ConstraintsEverywhere_SelectBCs in CCTK_EVOL" (maximum)",""[0142] ML_BSSN: ML_BSSN_ConstraintsInterior in CCTK_EVOL" (average)",""[0142] ML_BSSN: ML_BSSN_ConstraintsInterior in CCTK_EVOL" (minimum)",""[0142] ML_BSSN: ML_BSSN_ConstraintsInterior in CCTK_EVOL" (maximum)",""[0143] ML_BSSN: ML_BSSN_ConstraintsInterior_SelectBCs in CCTK_EVOL" (average)",""[0143] ML_BSSN: ML_BSSN_ConstraintsInterior_SelectBCs in CCTK_EVOL" (minimum)",""[0143] ML_BSSN: ML_BSSN_ConstraintsInterior_SelectBCs in CCTK_EVOL" (maximum)",""[0144] CarpetIOHDF5: CarpetIOHDF5_EvolutionCheckpoint in CCTK_CHECKPOINT" (average)",""[0144] CarpetIOHDF5: CarpetIOHDF5_EvolutionCheckpoint in CCTK_CHECKPOINT" (minimum)",""[0144] CarpetIOHDF5: CarpetIOHDF5_EvolutionCheckpoint in CCTK_CHECKPOINT" (maximum)",""[0145] TimerReport: zzz_TimerReport_Checkpoint in CCTK_CHECKPOINT" (average)",""[0145] TimerReport: zzz_TimerReport_Checkpoint in CCTK_CHECKPOINT" (minimum)",""[0145] TimerReport: zzz_TimerReport_Checkpoint in CCTK_CHECKPOINT" (maximum)",""main" (average)",""main" (minimum)",""main" (maximum)",""main/CarpetStartup" (average)",""main/CarpetStartup" (minimum)",""main/CarpetStartup" (maximum)",""main/CarpetStartup/AllocateGridHierarchy" (average)",""main/CarpetStartup/AllocateGridHierarchy" (minimum)",""main/CarpetStartup/AllocateGridHierarchy" (maximum)",""main/CarpetStartup/CarpetLib::dh::recompose" (average)",""main/CarpetStartup/CarpetLib::dh::recompose" (minimum)",""main/CarpetStartup/CarpetLib::dh::recompose" (maximum)",""main/CarpetStartup/CarpetLib::dh::regrid" (average)",""main/CarpetStartup/CarpetLib::dh::regrid" (minimum)",""main/CarpetStartup/CarpetLib::dh::regrid" (maximum)",""main/CarpetStartup/CarpetLib::gh::regrid" (average)",""main/CarpetStartup/CarpetLib::gh::regrid" (minimum)",""main/CarpetStartup/CarpetLib::gh::regrid" (maximum)",""main/CarpetStartup/CarpetLib::gh::regrid/CarpetLib::dh::regrid" (average)",""main/CarpetStartup/CarpetLib::gh::regrid/CarpetLib::dh::regrid" (minimum)",""main/CarpetStartup/CarpetLib::gh::regrid/CarpetLib::dh::regrid" (maximum)",""main/CarpetStartup/CarpetLib::gh::regrid/CarpetLib::dh::regrid/bcast_boxes" (average)",""main/CarpetStartup/CarpetLib::gh::regrid/CarpetLib::dh::regrid/bcast_boxes" (minimum)",""main/CarpetStartup/CarpetLib::gh::regrid/CarpetLib::dh::regrid/bcast_boxes" (maximum)",""main/CarpetStartup/CarpetLib::gh::regrid/CarpetLib::dh::regrid/bcast_comm" (average)",""main/CarpetStartup/CarpetLib::gh::regrid/CarpetLib::dh::regrid/bcast_comm" (minimum)",""main/CarpetStartup/CarpetLib::gh::regrid/CarpetLib::dh::regrid/bcast_comm" (maximum)",""main/CarpetStartup/CarpetLib::gh::regrid/CarpetLib::dh::regrid/bcast_comm/old2new_ref_prol" (average)",""main/CarpetStartup/CarpetLib::gh::regrid/CarpetLib::dh::regrid/bcast_comm/old2new_ref_prol" (minimum)",""main/CarpetStartup/CarpetLib::gh::regrid/CarpetLib::dh::regrid/bcast_comm/old2new_ref_prol" (maximum)",""main/CarpetStartup/CarpetLib::gh::regrid/CarpetLib::dh::regrid/bcast_comm/old2new_ref_prol/CarpetLib" (average)",""main/CarpetStartup/CarpetLib::gh::regrid/CarpetLib::dh::regrid/bcast_comm/old2new_ref_prol/CarpetLib" (minimum)",""main/CarpetStartup/CarpetLib::gh::regrid/CarpetLib::dh::regrid/bcast_comm/old2new_ref_prol/CarpetLib" (maximum)",""main/CarpetStartup/CarpetLib::gh::regrid/CarpetLib::dh::regrid/bcast_comm/old2new_sync" (average)",""main/CarpetStartup/CarpetLib::gh::regrid/CarpetLib::dh::regrid/bcast_comm/old2new_sync" (minimum)",""main/CarpetStartup/CarpetLib::gh::regrid/CarpetLib::dh::regrid/bcast_comm/old2new_sync" (maximum)",""main/CarpetStartup/CarpetLib::gh::regrid/CarpetLib::dh::regrid/bcast_comm/old2new_sync/CarpetLib::dh" (average)",""main/CarpetStartup/CarpetLib::gh::regrid/CarpetLib::dh::regrid/bcast_comm/old2new_sync/CarpetLib::dh" (minimum)",""main/CarpetStartup/CarpetLib::gh::regrid/CarpetLib::dh::regrid/bcast_comm/old2new_sync/CarpetLib::dh" (maximum)",""main/CarpetStartup/CarpetLib::gh::regrid/CarpetLib::dh::regrid/bcast_comm/ref_bnd_prol" (average)",""main/CarpetStartup/CarpetLib::gh::regrid/CarpetLib::dh::regrid/bcast_comm/ref_bnd_prol" (minimum)",""main/CarpetStartup/CarpetLib::gh::regrid/CarpetLib::dh::regrid/bcast_comm/ref_bnd_prol" (maximum)",""main/CarpetStartup/CarpetLib::gh::regrid/CarpetLib::dh::regrid/bcast_comm/ref_bnd_prol/CarpetLib::dh" (average)",""main/CarpetStartup/CarpetLib::gh::regrid/CarpetLib::dh::regrid/bcast_comm/ref_bnd_prol/CarpetLib::dh" (minimum)",""main/CarpetStartup/CarpetLib::gh::regrid/CarpetLib::dh::regrid/bcast_comm/ref_bnd_prol/CarpetLib::dh" (maximum)",""main/CarpetStartup/CarpetLib::gh::regrid/CarpetLib::dh::regrid/bcast_comm/ref_prol" (average)",""main/CarpetStartup/CarpetLib::gh::regrid/CarpetLib::dh::regrid/bcast_comm/ref_prol" (minimum)",""main/CarpetStartup/CarpetLib::gh::regrid/CarpetLib::dh::regrid/bcast_comm/ref_prol" (maximum)",""main/CarpetStartup/CarpetLib::gh::regrid/CarpetLib::dh::regrid/bcast_comm/ref_prol/CarpetLib::dh::bs" (average)",""main/CarpetStartup/CarpetLib::gh::regrid/CarpetLib::dh::regrid/bcast_comm/ref_prol/CarpetLib::dh::bs" (minimum)",""main/CarpetStartup/CarpetLib::gh::regrid/CarpetLib::dh::regrid/bcast_comm/ref_prol/CarpetLib::dh::bs" (maximum)",""main/CarpetStartup/CarpetLib::gh::regrid/CarpetLib::dh::regrid/bcast_comm/ref_refl_prol" (average)",""main/CarpetStartup/CarpetLib::gh::regrid/CarpetLib::dh::regrid/bcast_comm/ref_refl_prol" (minimum)",""main/CarpetStartup/CarpetLib::gh::regrid/CarpetLib::dh::regrid/bcast_comm/ref_refl_prol" (maximum)",""main/CarpetStartup/CarpetLib::gh::regrid/CarpetLib::dh::regrid/bcast_comm/ref_refl_prol/CarpetLib::d" (average)",""main/CarpetStartup/CarpetLib::gh::regrid/CarpetLib::dh::regrid/bcast_comm/ref_refl_prol/CarpetLib::d" (minimum)",""main/CarpetStartup/CarpetLib::gh::regrid/CarpetLib::dh::regrid/bcast_comm/ref_refl_prol/CarpetLib::d" (maximum)",""main/CarpetStartup/CarpetLib::gh::regrid/CarpetLib::dh::regrid/bcast_comm/sync" (average)",""main/CarpetStartup/CarpetLib::gh::regrid/CarpetLib::dh::regrid/bcast_comm/sync" (minimum)",""main/CarpetStartup/CarpetLib::gh::regrid/CarpetLib::dh::regrid/bcast_comm/sync" (maximum)",""main/CarpetStartup/CarpetLib::gh::regrid/CarpetLib::dh::regrid/bcast_comm/sync/CarpetLib::dh::bs1" (average)",""main/CarpetStartup/CarpetLib::gh::regrid/CarpetLib::dh::regrid/bcast_comm/sync/CarpetLib::dh::bs1" (minimum)",""main/CarpetStartup/CarpetLib::gh::regrid/CarpetLib::dh::regrid/bcast_comm/sync/CarpetLib::dh::bs1" (maximum)",""main/CarpetStartup/CarpetLib::gh::regrid/CarpetLib::dh::regrid/bcast_comm/sync/CarpetLib::dh::bs2" (average)",""main/CarpetStartup/CarpetLib::gh::regrid/CarpetLib::dh::regrid/bcast_comm/sync/CarpetLib::dh::bs2" (minimum)",""main/CarpetStartup/CarpetLib::gh::regrid/CarpetLib::dh::regrid/bcast_comm/sync/CarpetLib::dh::bs2" (maximum)",""main/CarpetStartup/CarpetLib::gh::regrid/CarpetLib::dh::regrid/bcast_comm/sync/CarpetLib::dh::bs3" (average)",""main/CarpetStartup/CarpetLib::gh::regrid/CarpetLib::dh::regrid/bcast_comm/sync/CarpetLib::dh::bs3" (minimum)",""main/CarpetStartup/CarpetLib::gh::regrid/CarpetLib::dh::regrid/bcast_comm/sync/CarpetLib::dh::bs3" (maximum)",""main/CarpetStartup/CarpetLib::gh::regrid/CarpetLib::dh::regrid/buffers" (average)",""main/CarpetStartup/CarpetLib::gh::regrid/CarpetLib::dh::regrid/buffers" (minimum)",""main/CarpetStartup/CarpetLib::gh::regrid/CarpetLib::dh::regrid/buffers" (maximum)",""main/CarpetStartup/CarpetLib::gh::regrid/CarpetLib::dh::regrid/comm" (average)",""main/CarpetStartup/CarpetLib::gh::regrid/CarpetLib::dh::regrid/comm" (minimum)",""main/CarpetStartup/CarpetLib::gh::regrid/CarpetLib::dh::regrid/comm" (maximum)",""main/CarpetStartup/CarpetLib::gh::regrid/CarpetLib::dh::regrid/comm/mgprol" (average)",""main/CarpetStartup/CarpetLib::gh::regrid/CarpetLib::dh::regrid/comm/mgprol" (minimum)",""main/CarpetStartup/CarpetLib::gh::regrid/CarpetLib::dh::regrid/comm/mgprol" (maximum)",""main/CarpetStartup/CarpetLib::gh::regrid/CarpetLib::dh::regrid/comm/mgrest" (average)",""main/CarpetStartup/CarpetLib::gh::regrid/CarpetLib::dh::regrid/comm/mgrest" (minimum)",""main/CarpetStartup/CarpetLib::gh::regrid/CarpetLib::dh::regrid/comm/mgrest" (maximum)",""main/CarpetStartup/CarpetLib::gh::regrid/CarpetLib::dh::regrid/comm/refbndprol" (average)",""main/CarpetStartup/CarpetLib::gh::regrid/CarpetLib::dh::regrid/comm/refbndprol" (minimum)",""main/CarpetStartup/CarpetLib::gh::regrid/CarpetLib::dh::regrid/comm/refbndprol" (maximum)",""main/CarpetStartup/CarpetLib::gh::regrid/CarpetLib::dh::regrid/comm/reflux" (average)",""main/CarpetStartup/CarpetLib::gh::regrid/CarpetLib::dh::regrid/comm/reflux" (minimum)",""main/CarpetStartup/CarpetLib::gh::regrid/CarpetLib::dh::regrid/comm/reflux" (maximum)",""main/CarpetStartup/CarpetLib::gh::regrid/CarpetLib::dh::regrid/comm/refprol" (average)",""main/CarpetStartup/CarpetLib::gh::regrid/CarpetLib::dh::regrid/comm/refprol" (minimum)",""main/CarpetStartup/CarpetLib::gh::regrid/CarpetLib::dh::regrid/comm/refprol" (maximum)",""main/CarpetStartup/CarpetLib::gh::regrid/CarpetLib::dh::regrid/comm/refrest" (average)",""main/CarpetStartup/CarpetLib::gh::regrid/CarpetLib::dh::regrid/comm/refrest" (minimum)",""main/CarpetStartup/CarpetLib::gh::regrid/CarpetLib::dh::regrid/comm/refrest" (maximum)",""main/CarpetStartup/CarpetLib::gh::regrid/CarpetLib::dh::regrid/comm/sync" (average)",""main/CarpetStartup/CarpetLib::gh::regrid/CarpetLib::dh::regrid/comm/sync" (minimum)",""main/CarpetStartup/CarpetLib::gh::regrid/CarpetLib::dh::regrid/comm/sync" (maximum)",""main/CarpetStartup/CarpetLib::gh::regrid/CarpetLib::dh::regrid/domain" (average)",""main/CarpetStartup/CarpetLib::gh::regrid/CarpetLib::dh::regrid/domain" (minimum)",""main/CarpetStartup/CarpetLib::gh::regrid/CarpetLib::dh::regrid/domain" (maximum)",""main/CarpetStartup/CarpetLib::gh::regrid/CarpetLib::dh::regrid/mask" (average)",""main/CarpetStartup/CarpetLib::gh::regrid/CarpetLib::dh::regrid/mask" (minimum)",""main/CarpetStartup/CarpetLib::gh::regrid/CarpetLib::dh::regrid/mask" (maximum)",""main/CarpetStartup/CarpetLib::gh::regrid/CarpetLib::dh::regrid/region" (average)",""main/CarpetStartup/CarpetLib::gh::regrid/CarpetLib::dh::regrid/region" (minimum)",""main/CarpetStartup/CarpetLib::gh::regrid/CarpetLib::dh::regrid/region" (maximum)",""main/CarpetStartup/CarpetLib::gh::regrid/CarpetLib::dh::regrid/test" (average)",""main/CarpetStartup/CarpetLib::gh::regrid/CarpetLib::dh::regrid/test" (minimum)",""main/CarpetStartup/CarpetLib::gh::regrid/CarpetLib::dh::regrid/test" (maximum)",""main/CarpetStartup/CarpetLib::gh::regrid/CarpetLib::dh::regrid/unusedpoints_mask" (average)",""main/CarpetStartup/CarpetLib::gh::regrid/CarpetLib::dh::regrid/unusedpoints_mask" (minimum)",""main/CarpetStartup/CarpetLib::gh::regrid/CarpetLib::dh::regrid/unusedpoints_mask" (maximum)",""main/CarpetStartup/CheckRegions" (average)",""main/CarpetStartup/CheckRegions" (minimum)",""main/CarpetStartup/CheckRegions" (maximum)",""main/Evolve" (average)",""main/Evolve" (minimum)",""main/Evolve" (maximum)",""main/Evolve/AdvanceTime" (average)",""main/Evolve/AdvanceTime" (minimum)",""main/Evolve/AdvanceTime" (maximum)",""main/Evolve/CallAnalysis" (average)",""main/Evolve/CallAnalysis" (minimum)",""main/Evolve/CallAnalysis" (maximum)",""main/Evolve/CallAnalysis/CCTK_ANALYSIS" (average)",""main/Evolve/CallAnalysis/CCTK_ANALYSIS" (minimum)",""main/Evolve/CallAnalysis/CCTK_ANALYSIS" (maximum)",""main/Evolve/CallAnalysis/CCTK_ANALYSIS/CallFunction" (average)",""main/Evolve/CallAnalysis/CCTK_ANALYSIS/CallFunction" (minimum)",""main/Evolve/CallAnalysis/CCTK_ANALYSIS/CallFunction" (maximum)",""main/Evolve/CallAnalysis/CCTK_ANALYSIS/CallFunction/thorns" (average)",""main/Evolve/CallAnalysis/CCTK_ANALYSIS/CallFunction/thorns" (minimum)",""main/Evolve/CallAnalysis/CCTK_ANALYSIS/CallFunction/thorns" (maximum)",""main/Evolve/CallAnalysis/CCTK_ANALYSIS/CallFunction/thorns/CarpetLib_printmemstats" (average)",""main/Evolve/CallAnalysis/CCTK_ANALYSIS/CallFunction/thorns/CarpetLib_printmemstats" (minimum)",""main/Evolve/CallAnalysis/CCTK_ANALYSIS/CallFunction/thorns/CarpetLib_printmemstats" (maximum)",""main/Evolve/CallAnalysis/CCTK_ANALYSIS/CallFunction/thorns/CarpetLib_printtimestats" (average)",""main/Evolve/CallAnalysis/CCTK_ANALYSIS/CallFunction/thorns/CarpetLib_printtimestats" (minimum)",""main/Evolve/CallAnalysis/CCTK_ANALYSIS/CallFunction/thorns/CarpetLib_printtimestats" (maximum)",""main/Evolve/CallAnalysis/CCTK_ANALYSIS/CallFunction/thorns/lc_statistics_analysis" (average)",""main/Evolve/CallAnalysis/CCTK_ANALYSIS/CallFunction/thorns/lc_statistics_analysis" (minimum)",""main/Evolve/CallAnalysis/CCTK_ANALYSIS/CallFunction/thorns/lc_statistics_analysis" (maximum)",""main/Evolve/CallAnalysis/CCTK_ANALYSIS/CallFunction/thorns/zzz_TimerReport_Output" (average)",""main/Evolve/CallAnalysis/CCTK_ANALYSIS/CallFunction/thorns/zzz_TimerReport_Output" (minimum)",""main/Evolve/CallAnalysis/CCTK_ANALYSIS/CallFunction/thorns/zzz_TimerReport_Output" (maximum)",""main/Evolve/CallAnalysis/CCTK_CHECKPOINT" (average)",""main/Evolve/CallAnalysis/CCTK_CHECKPOINT" (minimum)",""main/Evolve/CallAnalysis/CCTK_CHECKPOINT" (maximum)",""main/Evolve/CallAnalysis/CCTK_CHECKPOINT/CallFunction" (average)",""main/Evolve/CallAnalysis/CCTK_CHECKPOINT/CallFunction" (minimum)",""main/Evolve/CallAnalysis/CCTK_CHECKPOINT/CallFunction" (maximum)",""main/Evolve/CallAnalysis/CCTK_CHECKPOINT/CallFunction/thorns" (average)",""main/Evolve/CallAnalysis/CCTK_CHECKPOINT/CallFunction/thorns" (minimum)",""main/Evolve/CallAnalysis/CCTK_CHECKPOINT/CallFunction/thorns" (maximum)",""main/Evolve/CallAnalysis/CCTK_CHECKPOINT/CallFunction/thorns/CarpetIOHDF5_EvolutionCheckpoint" (average)",""main/Evolve/CallAnalysis/CCTK_CHECKPOINT/CallFunction/thorns/CarpetIOHDF5_EvolutionCheckpoint" (minimum)",""main/Evolve/CallAnalysis/CCTK_CHECKPOINT/CallFunction/thorns/CarpetIOHDF5_EvolutionCheckpoint" (maximum)",""main/Evolve/CallAnalysis/CCTK_CHECKPOINT/CallFunction/thorns/zzz_TimerReport_Checkpoint" (average)",""main/Evolve/CallAnalysis/CCTK_CHECKPOINT/CallFunction/thorns/zzz_TimerReport_Checkpoint" (minimum)",""main/Evolve/CallAnalysis/CCTK_CHECKPOINT/CallFunction/thorns/zzz_TimerReport_Checkpoint" (maximum)",""main/Evolve/CallAnalysis/CCTK_POSTSTEP" (average)",""main/Evolve/CallAnalysis/CCTK_POSTSTEP" (minimum)",""main/Evolve/CallAnalysis/CCTK_POSTSTEP" (maximum)",""main/Evolve/CallAnalysis/OutputGH" (average)",""main/Evolve/CallAnalysis/OutputGH" (minimum)",""main/Evolve/CallAnalysis/OutputGH" (maximum)",""main/Evolve/CallAnalysis/OutputGH/OutputGH" (average)",""main/Evolve/CallAnalysis/OutputGH/OutputGH" (minimum)",""main/Evolve/CallAnalysis/OutputGH/OutputGH" (maximum)",""main/Evolve/CallAnalysis/OutputGH/OutputGH/IOASCII::IOASCII_0D [0]" (average)",""main/Evolve/CallAnalysis/OutputGH/OutputGH/IOASCII::IOASCII_0D [0]" (minimum)",""main/Evolve/CallAnalysis/OutputGH/OutputGH/IOASCII::IOASCII_0D [0]" (maximum)",""main/Evolve/CallAnalysis/OutputGH/OutputGH/IOASCII::IOASCII_0D [0]/OutputGH<0>" (average)",""main/Evolve/CallAnalysis/OutputGH/OutputGH/IOASCII::IOASCII_0D [0]/OutputGH<0>" (minimum)",""main/Evolve/CallAnalysis/OutputGH/OutputGH/IOASCII::IOASCII_0D [0]/OutputGH<0>" (maximum)",""main/Evolve/CallAnalysis/OutputGH/OutputGH/IOASCII::IOASCII_1D [1]" (average)",""main/Evolve/CallAnalysis/OutputGH/OutputGH/IOASCII::IOASCII_1D [1]" (minimum)",""main/Evolve/CallAnalysis/OutputGH/OutputGH/IOASCII::IOASCII_1D [1]" (maximum)",""main/Evolve/CallAnalysis/OutputGH/OutputGH/IOASCII::IOASCII_1D [1]/OutputGH<1>" (average)",""main/Evolve/CallAnalysis/OutputGH/OutputGH/IOASCII::IOASCII_1D [1]/OutputGH<1>" (minimum)",""main/Evolve/CallAnalysis/OutputGH/OutputGH/IOASCII::IOASCII_1D [1]/OutputGH<1>" (maximum)",""main/Evolve/CallAnalysis/OutputGH/OutputGH/IOASCII::IOASCII_2D [2]" (average)",""main/Evolve/CallAnalysis/OutputGH/OutputGH/IOASCII::IOASCII_2D [2]" (minimum)",""main/Evolve/CallAnalysis/OutputGH/OutputGH/IOASCII::IOASCII_2D [2]" (maximum)",""main/Evolve/CallAnalysis/OutputGH/OutputGH/IOASCII::IOASCII_2D [2]/OutputGH<2>" (average)",""main/Evolve/CallAnalysis/OutputGH/OutputGH/IOASCII::IOASCII_2D [2]/OutputGH<2>" (minimum)",""main/Evolve/CallAnalysis/OutputGH/OutputGH/IOASCII::IOASCII_2D [2]/OutputGH<2>" (maximum)",""main/Evolve/CallAnalysis/OutputGH/OutputGH/IOASCII::IOASCII_3D [3]" (average)",""main/Evolve/CallAnalysis/OutputGH/OutputGH/IOASCII::IOASCII_3D [3]" (minimum)",""main/Evolve/CallAnalysis/OutputGH/OutputGH/IOASCII::IOASCII_3D [3]" (maximum)",""main/Evolve/CallAnalysis/OutputGH/OutputGH/IOASCII::IOASCII_3D [3]/OutputGH<3>" (average)",""main/Evolve/CallAnalysis/OutputGH/OutputGH/IOASCII::IOASCII_3D [3]/OutputGH<3>" (minimum)",""main/Evolve/CallAnalysis/OutputGH/OutputGH/IOASCII::IOASCII_3D [3]/OutputGH<3>" (maximum)",""main/Evolve/CallAnalysis/OutputGH/OutputGH/IOBasic::CarpetIOBasic [4]" (average)",""main/Evolve/CallAnalysis/OutputGH/OutputGH/IOBasic::CarpetIOBasic [4]" (minimum)",""main/Evolve/CallAnalysis/OutputGH/OutputGH/IOBasic::CarpetIOBasic [4]" (maximum)",""main/Evolve/CallAnalysis/OutputGH/OutputGH/IOBasic::CarpetIOBasic [4]/OutputGH" (average)",""main/Evolve/CallAnalysis/OutputGH/OutputGH/IOBasic::CarpetIOBasic [4]/OutputGH" (minimum)",""main/Evolve/CallAnalysis/OutputGH/OutputGH/IOBasic::CarpetIOBasic [4]/OutputGH" (maximum)",""main/Evolve/CallAnalysis/OutputGH/OutputGH/IOHDF5::IOHDF5 [10]" (average)",""main/Evolve/CallAnalysis/OutputGH/OutputGH/IOHDF5::IOHDF5 [10]" (minimum)",""main/Evolve/CallAnalysis/OutputGH/OutputGH/IOHDF5::IOHDF5 [10]" (maximum)",""main/Evolve/CallAnalysis/OutputGH/OutputGH/IOHDF5::IOHDF5 [10]/OutputGH" (average)",""main/Evolve/CallAnalysis/OutputGH/OutputGH/IOHDF5::IOHDF5 [10]/OutputGH" (minimum)",""main/Evolve/CallAnalysis/OutputGH/OutputGH/IOHDF5::IOHDF5 [10]/OutputGH" (maximum)",""main/Evolve/CallAnalysis/OutputGH/OutputGH/IOHDF5::IOHDF5_0D [5]" (average)",""main/Evolve/CallAnalysis/OutputGH/OutputGH/IOHDF5::IOHDF5_0D [5]" (minimum)",""main/Evolve/CallAnalysis/OutputGH/OutputGH/IOHDF5::IOHDF5_0D [5]" (maximum)",""main/Evolve/CallAnalysis/OutputGH/OutputGH/IOHDF5::IOHDF5_0D [5]/OutputGH<0>" (average)",""main/Evolve/CallAnalysis/OutputGH/OutputGH/IOHDF5::IOHDF5_0D [5]/OutputGH<0>" (minimum)",""main/Evolve/CallAnalysis/OutputGH/OutputGH/IOHDF5::IOHDF5_0D [5]/OutputGH<0>" (maximum)",""main/Evolve/CallAnalysis/OutputGH/OutputGH/IOHDF5::IOHDF5_1D [6]" (average)",""main/Evolve/CallAnalysis/OutputGH/OutputGH/IOHDF5::IOHDF5_1D [6]" (minimum)",""main/Evolve/CallAnalysis/OutputGH/OutputGH/IOHDF5::IOHDF5_1D [6]" (maximum)",""main/Evolve/CallAnalysis/OutputGH/OutputGH/IOHDF5::IOHDF5_1D [6]/OutputGH<1>" (average)",""main/Evolve/CallAnalysis/OutputGH/OutputGH/IOHDF5::IOHDF5_1D [6]/OutputGH<1>" (minimum)",""main/Evolve/CallAnalysis/OutputGH/OutputGH/IOHDF5::IOHDF5_1D [6]/OutputGH<1>" (maximum)",""main/Evolve/CallAnalysis/OutputGH/OutputGH/IOHDF5::IOHDF5_2D [7]" (average)",""main/Evolve/CallAnalysis/OutputGH/OutputGH/IOHDF5::IOHDF5_2D [7]" (minimum)",""main/Evolve/CallAnalysis/OutputGH/OutputGH/IOHDF5::IOHDF5_2D [7]" (maximum)",""main/Evolve/CallAnalysis/OutputGH/OutputGH/IOHDF5::IOHDF5_2D [7]/OutputGH<2>" (average)",""main/Evolve/CallAnalysis/OutputGH/OutputGH/IOHDF5::IOHDF5_2D [7]/OutputGH<2>" (minimum)",""main/Evolve/CallAnalysis/OutputGH/OutputGH/IOHDF5::IOHDF5_2D [7]/OutputGH<2>" (maximum)",""main/Evolve/CallAnalysis/OutputGH/OutputGH/IOHDF5::IOHDF5_3D [8]" (average)",""main/Evolve/CallAnalysis/OutputGH/OutputGH/IOHDF5::IOHDF5_3D [8]" (minimum)",""main/Evolve/CallAnalysis/OutputGH/OutputGH/IOHDF5::IOHDF5_3D [8]" (maximum)",""main/Evolve/CallAnalysis/OutputGH/OutputGH/IOHDF5::IOHDF5_3D [8]/OutputGH<3>" (average)",""main/Evolve/CallAnalysis/OutputGH/OutputGH/IOHDF5::IOHDF5_3D [8]/OutputGH<3>" (minimum)",""main/Evolve/CallAnalysis/OutputGH/OutputGH/IOHDF5::IOHDF5_3D [8]/OutputGH<3>" (maximum)",""main/Evolve/CallAnalysis/OutputGH/OutputGH/IOScalar::CarpetIOScalar [9]" (average)",""main/Evolve/CallAnalysis/OutputGH/OutputGH/IOScalar::CarpetIOScalar [9]" (minimum)",""main/Evolve/CallAnalysis/OutputGH/OutputGH/IOScalar::CarpetIOScalar [9]" (maximum)",""main/Evolve/CallAnalysis/OutputGH/OutputGH/IOScalar::CarpetIOScalar [9]/OutputGH" (average)",""main/Evolve/CallAnalysis/OutputGH/OutputGH/IOScalar::CarpetIOScalar [9]/OutputGH" (minimum)",""main/Evolve/CallAnalysis/OutputGH/OutputGH/IOScalar::CarpetIOScalar [9]/OutputGH" (maximum)",""main/Evolve/CallEvol" (average)",""main/Evolve/CallEvol" (minimum)",""main/Evolve/CallEvol" (maximum)",""main/Evolve/CallEvol/CCTK_EVOL" (average)",""main/Evolve/CallEvol/CCTK_EVOL" (minimum)",""main/Evolve/CallEvol/CCTK_EVOL" (maximum)",""main/Evolve/CallEvol/CCTK_EVOL/CallFunction" (average)",""main/Evolve/CallEvol/CCTK_EVOL/CallFunction" (minimum)",""main/Evolve/CallEvol/CCTK_EVOL/CallFunction" (maximum)",""main/Evolve/CallEvol/CCTK_EVOL/CallFunction/syncs" (average)",""main/Evolve/CallEvol/CCTK_EVOL/CallFunction/syncs" (minimum)",""main/Evolve/CallEvol/CCTK_EVOL/CallFunction/syncs" (maximum)",""main/Evolve/CallEvol/CCTK_EVOL/CallFunction/syncs/Prolongate" (average)",""main/Evolve/CallEvol/CCTK_EVOL/CallFunction/syncs/Prolongate" (minimum)",""main/Evolve/CallEvol/CCTK_EVOL/CallFunction/syncs/Prolongate" (maximum)",""main/Evolve/CallEvol/CCTK_EVOL/CallFunction/syncs/Sync" (average)",""main/Evolve/CallEvol/CCTK_EVOL/CallFunction/syncs/Sync" (minimum)",""main/Evolve/CallEvol/CCTK_EVOL/CallFunction/syncs/Sync" (maximum)",""main/Evolve/CallEvol/CCTK_EVOL/CallFunction/syncs/Sync/comm_state[0].create" (average)",""main/Evolve/CallEvol/CCTK_EVOL/CallFunction/syncs/Sync/comm_state[0].create" (minimum)",""main/Evolve/CallEvol/CCTK_EVOL/CallFunction/syncs/Sync/comm_state[0].create" (maximum)",""main/Evolve/CallEvol/CCTK_EVOL/CallFunction/syncs/Sync/comm_state[1].state_get_buffer_sizes.user" (average)",""main/Evolve/CallEvol/CCTK_EVOL/CallFunction/syncs/Sync/comm_state[1].state_get_buffer_sizes.user" (minimum)",""main/Evolve/CallEvol/CCTK_EVOL/CallFunction/syncs/Sync/comm_state[1].state_get_buffer_sizes.user" (maximum)",""main/Evolve/CallEvol/CCTK_EVOL/CallFunction/syncs/Sync/comm_state[2].state_get_buffer_sizes.step" (average)",""main/Evolve/CallEvol/CCTK_EVOL/CallFunction/syncs/Sync/comm_state[2].state_get_buffer_sizes.step" (minimum)",""main/Evolve/CallEvol/CCTK_EVOL/CallFunction/syncs/Sync/comm_state[2].state_get_buffer_sizes.step" (maximum)",""main/Evolve/CallEvol/CCTK_EVOL/CallFunction/syncs/Sync/comm_state[3].state_fill_send_buffers.user" (average)",""main/Evolve/CallEvol/CCTK_EVOL/CallFunction/syncs/Sync/comm_state[3].state_fill_send_buffers.user" (minimum)",""main/Evolve/CallEvol/CCTK_EVOL/CallFunction/syncs/Sync/comm_state[3].state_fill_send_buffers.user" (maximum)",""main/Evolve/CallEvol/CCTK_EVOL/CallFunction/syncs/Sync/comm_state[4].state_fill_send_buffers.step" (average)",""main/Evolve/CallEvol/CCTK_EVOL/CallFunction/syncs/Sync/comm_state[4].state_fill_send_buffers.step" (minimum)",""main/Evolve/CallEvol/CCTK_EVOL/CallFunction/syncs/Sync/comm_state[4].state_fill_send_buffers.step" (maximum)",""main/Evolve/CallEvol/CCTK_EVOL/CallFunction/syncs/Sync/comm_state[5].state_do_some_work.user" (average)",""main/Evolve/CallEvol/CCTK_EVOL/CallFunction/syncs/Sync/comm_state[5].state_do_some_work.user" (minimum)",""main/Evolve/CallEvol/CCTK_EVOL/CallFunction/syncs/Sync/comm_state[5].state_do_some_work.user" (maximum)",""main/Evolve/CallEvol/CCTK_EVOL/CallFunction/syncs/Sync/comm_state[6].state_do_some_work.step" (average)",""main/Evolve/CallEvol/CCTK_EVOL/CallFunction/syncs/Sync/comm_state[6].state_do_some_work.step" (minimum)",""main/Evolve/CallEvol/CCTK_EVOL/CallFunction/syncs/Sync/comm_state[6].state_do_some_work.step" (maximum)",""main/Evolve/CallEvol/CCTK_EVOL/CallFunction/syncs/Sync/comm_state[7].state_empty_recv_buffers.user" (average)",""main/Evolve/CallEvol/CCTK_EVOL/CallFunction/syncs/Sync/comm_state[7].state_empty_recv_buffers.user" (minimum)",""main/Evolve/CallEvol/CCTK_EVOL/CallFunction/syncs/Sync/comm_state[7].state_empty_recv_buffers.user" (maximum)",""main/Evolve/CallEvol/CCTK_EVOL/CallFunction/syncs/Sync/comm_state[8].state_empty_recv_buffers.step" (average)",""main/Evolve/CallEvol/CCTK_EVOL/CallFunction/syncs/Sync/comm_state[8].state_empty_recv_buffers.step" (minimum)",""main/Evolve/CallEvol/CCTK_EVOL/CallFunction/syncs/Sync/comm_state[8].state_empty_recv_buffers.step" (maximum)",""main/Evolve/CallEvol/CCTK_EVOL/CallFunction/thorns" (average)",""main/Evolve/CallEvol/CCTK_EVOL/CallFunction/thorns" (minimum)",""main/Evolve/CallEvol/CCTK_EVOL/CallFunction/thorns" (maximum)",""main/Evolve/CallEvol/CCTK_EVOL/CallFunction/thorns/ADMBase_Boundaries" (average)",""main/Evolve/CallEvol/CCTK_EVOL/CallFunction/thorns/ADMBase_Boundaries" (minimum)",""main/Evolve/CallEvol/CCTK_EVOL/CallFunction/thorns/ADMBase_Boundaries" (maximum)",""main/Evolve/CallEvol/CCTK_EVOL/CallFunction/thorns/ADMConstraints" (average)",""main/Evolve/CallEvol/CCTK_EVOL/CallFunction/thorns/ADMConstraints" (minimum)",""main/Evolve/CallEvol/CCTK_EVOL/CallFunction/thorns/ADMConstraints" (maximum)",""main/Evolve/CallEvol/CCTK_EVOL/CallFunction/thorns/ADMConstraints_Boundaries" (average)",""main/Evolve/CallEvol/CCTK_EVOL/CallFunction/thorns/ADMConstraints_Boundaries" (minimum)",""main/Evolve/CallEvol/CCTK_EVOL/CallFunction/thorns/ADMConstraints_Boundaries" (maximum)",""main/Evolve/CallEvol/CCTK_EVOL/CallFunction/thorns/Boundary_ApplyPhysicalBCs" (average)",""main/Evolve/CallEvol/CCTK_EVOL/CallFunction/thorns/Boundary_ApplyPhysicalBCs" (minimum)",""main/Evolve/CallEvol/CCTK_EVOL/CallFunction/thorns/Boundary_ApplyPhysicalBCs" (maximum)",""main/Evolve/CallEvol/CCTK_EVOL/CallFunction/thorns/Boundary_ClearSelection" (average)",""main/Evolve/CallEvol/CCTK_EVOL/CallFunction/thorns/Boundary_ClearSelection" (minimum)",""main/Evolve/CallEvol/CCTK_EVOL/CallFunction/thorns/Boundary_ClearSelection" (maximum)",""main/Evolve/CallEvol/CCTK_EVOL/CallFunction/thorns/CartGrid3D_ApplyBC" (average)",""main/Evolve/CallEvol/CCTK_EVOL/CallFunction/thorns/CartGrid3D_ApplyBC" (minimum)",""main/Evolve/CallEvol/CCTK_EVOL/CallFunction/thorns/CartGrid3D_ApplyBC" (maximum)",""main/Evolve/CallEvol/CCTK_EVOL/CallFunction/thorns/ML_BSSN_ADMBaseBoundaryScalar" (average)",""main/Evolve/CallEvol/CCTK_EVOL/CallFunction/thorns/ML_BSSN_ADMBaseBoundaryScalar" (minimum)",""main/Evolve/CallEvol/CCTK_EVOL/CallFunction/thorns/ML_BSSN_ADMBaseBoundaryScalar" (maximum)",""main/Evolve/CallEvol/CCTK_EVOL/CallFunction/thorns/ML_BSSN_ADMBaseEverywhere" (average)",""main/Evolve/CallEvol/CCTK_EVOL/CallFunction/thorns/ML_BSSN_ADMBaseEverywhere" (minimum)",""main/Evolve/CallEvol/CCTK_EVOL/CallFunction/thorns/ML_BSSN_ADMBaseEverywhere" (maximum)",""main/Evolve/CallEvol/CCTK_EVOL/CallFunction/thorns/ML_BSSN_ADMBaseInterior" (average)",""main/Evolve/CallEvol/CCTK_EVOL/CallFunction/thorns/ML_BSSN_ADMBaseInterior" (minimum)",""main/Evolve/CallEvol/CCTK_EVOL/CallFunction/thorns/ML_BSSN_ADMBaseInterior" (maximum)",""main/Evolve/CallEvol/CCTK_EVOL/CallFunction/thorns/ML_BSSN_ADMBase_SelectBCs" (average)",""main/Evolve/CallEvol/CCTK_EVOL/CallFunction/thorns/ML_BSSN_ADMBase_SelectBCs" (minimum)",""main/Evolve/CallEvol/CCTK_EVOL/CallFunction/thorns/ML_BSSN_ADMBase_SelectBCs" (maximum)",""main/Evolve/CallEvol/CCTK_EVOL/CallFunction/thorns/ML_BSSN_ConstraintsEverywhere" (average)",""main/Evolve/CallEvol/CCTK_EVOL/CallFunction/thorns/ML_BSSN_ConstraintsEverywhere" (minimum)",""main/Evolve/CallEvol/CCTK_EVOL/CallFunction/thorns/ML_BSSN_ConstraintsEverywhere" (maximum)",""main/Evolve/CallEvol/CCTK_EVOL/CallFunction/thorns/ML_BSSN_ConstraintsEverywhere_SelectBCs" (average)",""main/Evolve/CallEvol/CCTK_EVOL/CallFunction/thorns/ML_BSSN_ConstraintsEverywhere_SelectBCs" (minimum)",""main/Evolve/CallEvol/CCTK_EVOL/CallFunction/thorns/ML_BSSN_ConstraintsEverywhere_SelectBCs" (maximum)",""main/Evolve/CallEvol/CCTK_EVOL/CallFunction/thorns/ML_BSSN_ConstraintsInterior" (average)",""main/Evolve/CallEvol/CCTK_EVOL/CallFunction/thorns/ML_BSSN_ConstraintsInterior" (minimum)",""main/Evolve/CallEvol/CCTK_EVOL/CallFunction/thorns/ML_BSSN_ConstraintsInterior" (maximum)",""main/Evolve/CallEvol/CCTK_EVOL/CallFunction/thorns/ML_BSSN_ConstraintsInterior_SelectBCs" (average)",""main/Evolve/CallEvol/CCTK_EVOL/CallFunction/thorns/ML_BSSN_ConstraintsInterior_SelectBCs" (minimum)",""main/Evolve/CallEvol/CCTK_EVOL/CallFunction/thorns/ML_BSSN_ConstraintsInterior_SelectBCs" (maximum)",""main/Evolve/CallEvol/CCTK_EVOL/CallFunction/thorns/ML_BSSN_EnforceEverywhere" (average)",""main/Evolve/CallEvol/CCTK_EVOL/CallFunction/thorns/ML_BSSN_EnforceEverywhere" (minimum)",""main/Evolve/CallEvol/CCTK_EVOL/CallFunction/thorns/ML_BSSN_EnforceEverywhere" (maximum)",""main/Evolve/CallEvol/CCTK_EVOL/CallFunction/thorns/ML_BSSN_EvolutionBoundaryScalar" (average)",""main/Evolve/CallEvol/CCTK_EVOL/CallFunction/thorns/ML_BSSN_EvolutionBoundaryScalar" (minimum)",""main/Evolve/CallEvol/CCTK_EVOL/CallFunction/thorns/ML_BSSN_EvolutionBoundaryScalar" (maximum)",""main/Evolve/CallEvol/CCTK_EVOL/CallFunction/thorns/ML_BSSN_EvolutionInteriorSplitBy1" (average)",""main/Evolve/CallEvol/CCTK_EVOL/CallFunction/thorns/ML_BSSN_EvolutionInteriorSplitBy1" (minimum)",""main/Evolve/CallEvol/CCTK_EVOL/CallFunction/thorns/ML_BSSN_EvolutionInteriorSplitBy1" (maximum)",""main/Evolve/CallEvol/CCTK_EVOL/CallFunction/thorns/ML_BSSN_EvolutionInteriorSplitBy2" (average)",""main/Evolve/CallEvol/CCTK_EVOL/CallFunction/thorns/ML_BSSN_EvolutionInteriorSplitBy2" (minimum)",""main/Evolve/CallEvol/CCTK_EVOL/CallFunction/thorns/ML_BSSN_EvolutionInteriorSplitBy2" (maximum)",""main/Evolve/CallEvol/CCTK_EVOL/CallFunction/thorns/ML_BSSN_EvolutionInteriorSplitBy3" (average)",""main/Evolve/CallEvol/CCTK_EVOL/CallFunction/thorns/ML_BSSN_EvolutionInteriorSplitBy3" (minimum)",""main/Evolve/CallEvol/CCTK_EVOL/CallFunction/thorns/ML_BSSN_EvolutionInteriorSplitBy3" (maximum)",""main/Evolve/CallEvol/CCTK_EVOL/CallFunction/thorns/ML_BSSN_SelectBoundConds" (average)",""main/Evolve/CallEvol/CCTK_EVOL/CallFunction/thorns/ML_BSSN_SelectBoundConds" (minimum)",""main/Evolve/CallEvol/CCTK_EVOL/CallFunction/thorns/ML_BSSN_SelectBoundConds" (maximum)",""main/Evolve/CallEvol/CCTK_EVOL/CallFunction/thorns/MoL_Add" (average)",""main/Evolve/CallEvol/CCTK_EVOL/CallFunction/thorns/MoL_Add" (minimum)",""main/Evolve/CallEvol/CCTK_EVOL/CallFunction/thorns/MoL_Add" (maximum)",""main/Evolve/CallEvol/CCTK_EVOL/CallFunction/thorns/MoL_AllocateScratchSpace" (average)",""main/Evolve/CallEvol/CCTK_EVOL/CallFunction/thorns/MoL_AllocateScratchSpace" (minimum)",""main/Evolve/CallEvol/CCTK_EVOL/CallFunction/thorns/MoL_AllocateScratchSpace" (maximum)",""main/Evolve/CallEvol/CCTK_EVOL/CallFunction/thorns/MoL_DecrementCounter" (average)",""main/Evolve/CallEvol/CCTK_EVOL/CallFunction/thorns/MoL_DecrementCounter" (minimum)",""main/Evolve/CallEvol/CCTK_EVOL/CallFunction/thorns/MoL_DecrementCounter" (maximum)",""main/Evolve/CallEvol/CCTK_EVOL/CallFunction/thorns/MoL_FinishLoop" (average)",""main/Evolve/CallEvol/CCTK_EVOL/CallFunction/thorns/MoL_FinishLoop" (minimum)",""main/Evolve/CallEvol/CCTK_EVOL/CallFunction/thorns/MoL_FinishLoop" (maximum)",""main/Evolve/CallEvol/CCTK_EVOL/CallFunction/thorns/MoL_FreeScratchSpace" (average)",""main/Evolve/CallEvol/CCTK_EVOL/CallFunction/thorns/MoL_FreeScratchSpace" (minimum)",""main/Evolve/CallEvol/CCTK_EVOL/CallFunction/thorns/MoL_FreeScratchSpace" (maximum)",""main/Evolve/CallEvol/CCTK_EVOL/CallFunction/thorns/MoL_InitRHS" (average)",""main/Evolve/CallEvol/CCTK_EVOL/CallFunction/thorns/MoL_InitRHS" (minimum)",""main/Evolve/CallEvol/CCTK_EVOL/CallFunction/thorns/MoL_InitRHS" (maximum)",""main/Evolve/CallEvol/CCTK_EVOL/CallFunction/thorns/MoL_InitialCopy" (average)",""main/Evolve/CallEvol/CCTK_EVOL/CallFunction/thorns/MoL_InitialCopy" (minimum)",""main/Evolve/CallEvol/CCTK_EVOL/CallFunction/thorns/MoL_InitialCopy" (maximum)",""main/Evolve/CallEvol/CCTK_EVOL/CallFunction/thorns/MoL_ResetDeltaTime" (average)",""main/Evolve/CallEvol/CCTK_EVOL/CallFunction/thorns/MoL_ResetDeltaTime" (minimum)",""main/Evolve/CallEvol/CCTK_EVOL/CallFunction/thorns/MoL_ResetDeltaTime" (maximum)",""main/Evolve/CallEvol/CCTK_EVOL/CallFunction/thorns/MoL_ResetTime" (average)",""main/Evolve/CallEvol/CCTK_EVOL/CallFunction/thorns/MoL_ResetTime" (minimum)",""main/Evolve/CallEvol/CCTK_EVOL/CallFunction/thorns/MoL_ResetTime" (maximum)",""main/Evolve/CallEvol/CCTK_EVOL/CallFunction/thorns/MoL_RestoreSandR" (average)",""main/Evolve/CallEvol/CCTK_EVOL/CallFunction/thorns/MoL_RestoreSandR" (minimum)",""main/Evolve/CallEvol/CCTK_EVOL/CallFunction/thorns/MoL_RestoreSandR" (maximum)",""main/Evolve/CallEvol/CCTK_EVOL/CallFunction/thorns/MoL_SetCounter" (average)",""main/Evolve/CallEvol/CCTK_EVOL/CallFunction/thorns/MoL_SetCounter" (minimum)",""main/Evolve/CallEvol/CCTK_EVOL/CallFunction/thorns/MoL_SetCounter" (maximum)",""main/Evolve/CallEvol/CCTK_EVOL/CallFunction/thorns/MoL_SetTime" (average)",""main/Evolve/CallEvol/CCTK_EVOL/CallFunction/thorns/MoL_SetTime" (minimum)",""main/Evolve/CallEvol/CCTK_EVOL/CallFunction/thorns/MoL_SetTime" (maximum)",""main/Evolve/CallEvol/CCTK_EVOL/CallFunction/thorns/MoL_StartLoop" (average)",""main/Evolve/CallEvol/CCTK_EVOL/CallFunction/thorns/MoL_StartLoop" (minimum)",""main/Evolve/CallEvol/CCTK_EVOL/CallFunction/thorns/MoL_StartLoop" (maximum)",""main/Evolve/CallEvol/CCTK_EVOL/CallFunction/thorns/TmunuBase_ZeroTmunu" (average)",""main/Evolve/CallEvol/CCTK_EVOL/CallFunction/thorns/TmunuBase_ZeroTmunu" (minimum)",""main/Evolve/CallEvol/CCTK_EVOL/CallFunction/thorns/TmunuBase_ZeroTmunu" (maximum)",""main/Evolve/CallEvol/CCTK_PRESTEP" (average)",""main/Evolve/CallEvol/CCTK_PRESTEP" (minimum)",""main/Evolve/CallEvol/CCTK_PRESTEP" (maximum)",""main/Evolve/CallEvol/CCTK_PRESTEP/CallFunction" (average)",""main/Evolve/CallEvol/CCTK_PRESTEP/CallFunction" (minimum)",""main/Evolve/CallEvol/CCTK_PRESTEP/CallFunction" (maximum)",""main/Evolve/CallEvol/CCTK_PRESTEP/CallFunction/thorns" (average)",""main/Evolve/CallEvol/CCTK_PRESTEP/CallFunction/thorns" (minimum)",""main/Evolve/CallEvol/CCTK_PRESTEP/CallFunction/thorns" (maximum)",""main/Evolve/CallEvol/CCTK_PRESTEP/CallFunction/thorns/ADMBase_LapseStatic" (average)",""main/Evolve/CallEvol/CCTK_PRESTEP/CallFunction/thorns/ADMBase_LapseStatic" (minimum)",""main/Evolve/CallEvol/CCTK_PRESTEP/CallFunction/thorns/ADMBase_LapseStatic" (maximum)",""main/Evolve/CallEvol/CCTK_PRESTEP/CallFunction/thorns/ADMBase_ShiftStatic" (average)",""main/Evolve/CallEvol/CCTK_PRESTEP/CallFunction/thorns/ADMBase_ShiftStatic" (minimum)",""main/Evolve/CallEvol/CCTK_PRESTEP/CallFunction/thorns/ADMBase_ShiftStatic" (maximum)",""main/Evolve/CallEvol/CCTK_PRESTEP/CallFunction/thorns/Einstein_SetNextSlicing" (average)",""main/Evolve/CallEvol/CCTK_PRESTEP/CallFunction/thorns/Einstein_SetNextSlicing" (minimum)",""main/Evolve/CallEvol/CCTK_PRESTEP/CallFunction/thorns/Einstein_SetNextSlicing" (maximum)",""main/Evolve/CallEvol/CCTK_PRESTEP/CallFunction/thorns/lc_steer" (average)",""main/Evolve/CallEvol/CCTK_PRESTEP/CallFunction/thorns/lc_steer" (minimum)",""main/Evolve/CallEvol/CCTK_PRESTEP/CallFunction/thorns/lc_steer" (maximum)",""main/Evolve/CallEvol/CycleTimeLevels" (average)",""main/Evolve/CallEvol/CycleTimeLevels" (minimum)",""main/Evolve/CallEvol/CycleTimeLevels" (maximum)",""main/Evolve/CallEvol/Poison" (average)",""main/Evolve/CallEvol/Poison" (minimum)",""main/Evolve/CallEvol/Poison" (maximum)",""main/Evolve/CallRegrid" (average)",""main/Evolve/CallRegrid" (minimum)",""main/Evolve/CallRegrid" (maximum)",""main/Evolve/CallRegrid/CCTK_PREREGRID" (average)",""main/Evolve/CallRegrid/CCTK_PREREGRID" (minimum)",""main/Evolve/CallRegrid/CCTK_PREREGRID" (maximum)",""main/Evolve/CallRegrid/Regrid" (average)",""main/Evolve/CallRegrid/Regrid" (minimum)",""main/Evolve/CallRegrid/Regrid" (maximum)",""main/Evolve/CallRegrid/RegridFree" (average)",""main/Evolve/CallRegrid/RegridFree" (minimum)",""main/Evolve/CallRegrid/RegridFree" (maximum)",""main/Evolve/CallRestrict" (average)",""main/Evolve/CallRestrict" (minimum)",""main/Evolve/CallRestrict" (maximum)",""main/Evolve/CheckLevelTimes" (average)",""main/Evolve/CheckLevelTimes" (minimum)",""main/Evolve/CheckLevelTimes" (maximum)",""main/Evolve/DoTerminate" (average)",""main/Evolve/DoTerminate" (minimum)",""main/Evolve/DoTerminate" (maximum)",""main/Evolve/PrintTimers" (average)",""main/Evolve/PrintTimers" (minimum)",""main/Evolve/PrintTimers" (maximum)",""main/Initialise" (average)",""main/Initialise" (minimum)",""main/Initialise" (maximum)",""main/Initialise/CallAnalysis" (average)",""main/Initialise/CallAnalysis" (minimum)",""main/Initialise/CallAnalysis" (maximum)",""main/Initialise/CallAnalysis/CCTK_ANALYSIS" (average)",""main/Initialise/CallAnalysis/CCTK_ANALYSIS" (minimum)",""main/Initialise/CallAnalysis/CCTK_ANALYSIS" (maximum)",""main/Initialise/CallAnalysis/CCTK_ANALYSIS/CallFunction" (average)",""main/Initialise/CallAnalysis/CCTK_ANALYSIS/CallFunction" (minimum)",""main/Initialise/CallAnalysis/CCTK_ANALYSIS/CallFunction" (maximum)",""main/Initialise/CallAnalysis/CCTK_ANALYSIS/CallFunction/thorns" (average)",""main/Initialise/CallAnalysis/CCTK_ANALYSIS/CallFunction/thorns" (minimum)",""main/Initialise/CallAnalysis/CCTK_ANALYSIS/CallFunction/thorns" (maximum)",""main/Initialise/CallAnalysis/CCTK_ANALYSIS/CallFunction/thorns/CarpetLib_printmemstats" (average)",""main/Initialise/CallAnalysis/CCTK_ANALYSIS/CallFunction/thorns/CarpetLib_printmemstats" (minimum)",""main/Initialise/CallAnalysis/CCTK_ANALYSIS/CallFunction/thorns/CarpetLib_printmemstats" (maximum)",""main/Initialise/CallAnalysis/CCTK_ANALYSIS/CallFunction/thorns/CarpetLib_printtimestats" (average)",""main/Initialise/CallAnalysis/CCTK_ANALYSIS/CallFunction/thorns/CarpetLib_printtimestats" (minimum)",""main/Initialise/CallAnalysis/CCTK_ANALYSIS/CallFunction/thorns/CarpetLib_printtimestats" (maximum)",""main/Initialise/CallAnalysis/CCTK_ANALYSIS/CallFunction/thorns/lc_statistics_analysis" (average)",""main/Initialise/CallAnalysis/CCTK_ANALYSIS/CallFunction/thorns/lc_statistics_analysis" (minimum)",""main/Initialise/CallAnalysis/CCTK_ANALYSIS/CallFunction/thorns/lc_statistics_analysis" (maximum)",""main/Initialise/CallAnalysis/CCTK_ANALYSIS/CallFunction/thorns/zzz_TimerReport_Output" (average)",""main/Initialise/CallAnalysis/CCTK_ANALYSIS/CallFunction/thorns/zzz_TimerReport_Output" (minimum)",""main/Initialise/CallAnalysis/CCTK_ANALYSIS/CallFunction/thorns/zzz_TimerReport_Output" (maximum)",""main/Initialise/CallAnalysis/CCTK_CPINITIAL" (average)",""main/Initialise/CallAnalysis/CCTK_CPINITIAL" (minimum)",""main/Initialise/CallAnalysis/CCTK_CPINITIAL" (maximum)",""main/Initialise/CallAnalysis/CCTK_CPINITIAL/CallFunction" (average)",""main/Initialise/CallAnalysis/CCTK_CPINITIAL/CallFunction" (minimum)",""main/Initialise/CallAnalysis/CCTK_CPINITIAL/CallFunction" (maximum)",""main/Initialise/CallAnalysis/CCTK_CPINITIAL/CallFunction/thorns" (average)",""main/Initialise/CallAnalysis/CCTK_CPINITIAL/CallFunction/thorns" (minimum)",""main/Initialise/CallAnalysis/CCTK_CPINITIAL/CallFunction/thorns" (maximum)",""main/Initialise/CallAnalysis/CCTK_CPINITIAL/CallFunction/thorns/CarpetIOHDF5_InitialDataCheckpoint" (average)",""main/Initialise/CallAnalysis/CCTK_CPINITIAL/CallFunction/thorns/CarpetIOHDF5_InitialDataCheckpoint" (minimum)",""main/Initialise/CallAnalysis/CCTK_CPINITIAL/CallFunction/thorns/CarpetIOHDF5_InitialDataCheckpoint" (maximum)",""main/Initialise/CallAnalysis/OutputGH" (average)",""main/Initialise/CallAnalysis/OutputGH" (minimum)",""main/Initialise/CallAnalysis/OutputGH" (maximum)",""main/Initialise/CallAnalysis/OutputGH/OutputGH" (average)",""main/Initialise/CallAnalysis/OutputGH/OutputGH" (minimum)",""main/Initialise/CallAnalysis/OutputGH/OutputGH" (maximum)",""main/Initialise/CallAnalysis/OutputGH/OutputGH/IOASCII::IOASCII_0D [0]" (average)",""main/Initialise/CallAnalysis/OutputGH/OutputGH/IOASCII::IOASCII_0D [0]" (minimum)",""main/Initialise/CallAnalysis/OutputGH/OutputGH/IOASCII::IOASCII_0D [0]" (maximum)",""main/Initialise/CallAnalysis/OutputGH/OutputGH/IOASCII::IOASCII_0D [0]/OutputGH<0>" (average)",""main/Initialise/CallAnalysis/OutputGH/OutputGH/IOASCII::IOASCII_0D [0]/OutputGH<0>" (minimum)",""main/Initialise/CallAnalysis/OutputGH/OutputGH/IOASCII::IOASCII_0D [0]/OutputGH<0>" (maximum)",""main/Initialise/CallAnalysis/OutputGH/OutputGH/IOASCII::IOASCII_1D [1]" (average)",""main/Initialise/CallAnalysis/OutputGH/OutputGH/IOASCII::IOASCII_1D [1]" (minimum)",""main/Initialise/CallAnalysis/OutputGH/OutputGH/IOASCII::IOASCII_1D [1]" (maximum)",""main/Initialise/CallAnalysis/OutputGH/OutputGH/IOASCII::IOASCII_1D [1]/OutputGH<1>" (average)",""main/Initialise/CallAnalysis/OutputGH/OutputGH/IOASCII::IOASCII_1D [1]/OutputGH<1>" (minimum)",""main/Initialise/CallAnalysis/OutputGH/OutputGH/IOASCII::IOASCII_1D [1]/OutputGH<1>" (maximum)",""main/Initialise/CallAnalysis/OutputGH/OutputGH/IOASCII::IOASCII_2D [2]" (average)",""main/Initialise/CallAnalysis/OutputGH/OutputGH/IOASCII::IOASCII_2D [2]" (minimum)",""main/Initialise/CallAnalysis/OutputGH/OutputGH/IOASCII::IOASCII_2D [2]" (maximum)",""main/Initialise/CallAnalysis/OutputGH/OutputGH/IOASCII::IOASCII_2D [2]/OutputGH<2>" (average)",""main/Initialise/CallAnalysis/OutputGH/OutputGH/IOASCII::IOASCII_2D [2]/OutputGH<2>" (minimum)",""main/Initialise/CallAnalysis/OutputGH/OutputGH/IOASCII::IOASCII_2D [2]/OutputGH<2>" (maximum)",""main/Initialise/CallAnalysis/OutputGH/OutputGH/IOASCII::IOASCII_3D [3]" (average)",""main/Initialise/CallAnalysis/OutputGH/OutputGH/IOASCII::IOASCII_3D [3]" (minimum)",""main/Initialise/CallAnalysis/OutputGH/OutputGH/IOASCII::IOASCII_3D [3]" (maximum)",""main/Initialise/CallAnalysis/OutputGH/OutputGH/IOASCII::IOASCII_3D [3]/OutputGH<3>" (average)",""main/Initialise/CallAnalysis/OutputGH/OutputGH/IOASCII::IOASCII_3D [3]/OutputGH<3>" (minimum)",""main/Initialise/CallAnalysis/OutputGH/OutputGH/IOASCII::IOASCII_3D [3]/OutputGH<3>" (maximum)",""main/Initialise/CallAnalysis/OutputGH/OutputGH/IOBasic::CarpetIOBasic [4]" (average)",""main/Initialise/CallAnalysis/OutputGH/OutputGH/IOBasic::CarpetIOBasic [4]" (minimum)",""main/Initialise/CallAnalysis/OutputGH/OutputGH/IOBasic::CarpetIOBasic [4]" (maximum)",""main/Initialise/CallAnalysis/OutputGH/OutputGH/IOBasic::CarpetIOBasic [4]/OutputGH" (average)",""main/Initialise/CallAnalysis/OutputGH/OutputGH/IOBasic::CarpetIOBasic [4]/OutputGH" (minimum)",""main/Initialise/CallAnalysis/OutputGH/OutputGH/IOBasic::CarpetIOBasic [4]/OutputGH" (maximum)",""main/Initialise/CallAnalysis/OutputGH/OutputGH/IOHDF5::IOHDF5 [10]" (average)",""main/Initialise/CallAnalysis/OutputGH/OutputGH/IOHDF5::IOHDF5 [10]" (minimum)",""main/Initialise/CallAnalysis/OutputGH/OutputGH/IOHDF5::IOHDF5 [10]" (maximum)",""main/Initialise/CallAnalysis/OutputGH/OutputGH/IOHDF5::IOHDF5 [10]/OutputGH" (average)",""main/Initialise/CallAnalysis/OutputGH/OutputGH/IOHDF5::IOHDF5 [10]/OutputGH" (minimum)",""main/Initialise/CallAnalysis/OutputGH/OutputGH/IOHDF5::IOHDF5 [10]/OutputGH" (maximum)",""main/Initialise/CallAnalysis/OutputGH/OutputGH/IOHDF5::IOHDF5_0D [5]" (average)",""main/Initialise/CallAnalysis/OutputGH/OutputGH/IOHDF5::IOHDF5_0D [5]" (minimum)",""main/Initialise/CallAnalysis/OutputGH/OutputGH/IOHDF5::IOHDF5_0D [5]" (maximum)",""main/Initialise/CallAnalysis/OutputGH/OutputGH/IOHDF5::IOHDF5_0D [5]/OutputGH<0>" (average)",""main/Initialise/CallAnalysis/OutputGH/OutputGH/IOHDF5::IOHDF5_0D [5]/OutputGH<0>" (minimum)",""main/Initialise/CallAnalysis/OutputGH/OutputGH/IOHDF5::IOHDF5_0D [5]/OutputGH<0>" (maximum)",""main/Initialise/CallAnalysis/OutputGH/OutputGH/IOHDF5::IOHDF5_1D [6]" (average)",""main/Initialise/CallAnalysis/OutputGH/OutputGH/IOHDF5::IOHDF5_1D [6]" (minimum)",""main/Initialise/CallAnalysis/OutputGH/OutputGH/IOHDF5::IOHDF5_1D [6]" (maximum)",""main/Initialise/CallAnalysis/OutputGH/OutputGH/IOHDF5::IOHDF5_1D [6]/OutputGH<1>" (average)",""main/Initialise/CallAnalysis/OutputGH/OutputGH/IOHDF5::IOHDF5_1D [6]/OutputGH<1>" (minimum)",""main/Initialise/CallAnalysis/OutputGH/OutputGH/IOHDF5::IOHDF5_1D [6]/OutputGH<1>" (maximum)",""main/Initialise/CallAnalysis/OutputGH/OutputGH/IOHDF5::IOHDF5_2D [7]" (average)",""main/Initialise/CallAnalysis/OutputGH/OutputGH/IOHDF5::IOHDF5_2D [7]" (minimum)",""main/Initialise/CallAnalysis/OutputGH/OutputGH/IOHDF5::IOHDF5_2D [7]" (maximum)",""main/Initialise/CallAnalysis/OutputGH/OutputGH/IOHDF5::IOHDF5_2D [7]/OutputGH<2>" (average)",""main/Initialise/CallAnalysis/OutputGH/OutputGH/IOHDF5::IOHDF5_2D [7]/OutputGH<2>" (minimum)",""main/Initialise/CallAnalysis/OutputGH/OutputGH/IOHDF5::IOHDF5_2D [7]/OutputGH<2>" (maximum)",""main/Initialise/CallAnalysis/OutputGH/OutputGH/IOHDF5::IOHDF5_3D [8]" (average)",""main/Initialise/CallAnalysis/OutputGH/OutputGH/IOHDF5::IOHDF5_3D [8]" (minimum)",""main/Initialise/CallAnalysis/OutputGH/OutputGH/IOHDF5::IOHDF5_3D [8]" (maximum)",""main/Initialise/CallAnalysis/OutputGH/OutputGH/IOHDF5::IOHDF5_3D [8]/OutputGH<3>" (average)",""main/Initialise/CallAnalysis/OutputGH/OutputGH/IOHDF5::IOHDF5_3D [8]/OutputGH<3>" (minimum)",""main/Initialise/CallAnalysis/OutputGH/OutputGH/IOHDF5::IOHDF5_3D [8]/OutputGH<3>" (maximum)",""main/Initialise/CallAnalysis/OutputGH/OutputGH/IOScalar::CarpetIOScalar [9]" (average)",""main/Initialise/CallAnalysis/OutputGH/OutputGH/IOScalar::CarpetIOScalar [9]" (minimum)",""main/Initialise/CallAnalysis/OutputGH/OutputGH/IOScalar::CarpetIOScalar [9]" (maximum)",""main/Initialise/CallAnalysis/OutputGH/OutputGH/IOScalar::CarpetIOScalar [9]/OutputGH" (average)",""main/Initialise/CallAnalysis/OutputGH/OutputGH/IOScalar::CarpetIOScalar [9]/OutputGH" (minimum)",""main/Initialise/CallAnalysis/OutputGH/OutputGH/IOScalar::CarpetIOScalar [9]/OutputGH" (maximum)",""main/Initialise/CallInitial" (average)",""main/Initialise/CallInitial" (minimum)",""main/Initialise/CallInitial" (maximum)",""main/Initialise/CallInitial/CCTK_BASEGRID" (average)",""main/Initialise/CallInitial/CCTK_BASEGRID" (minimum)",""main/Initialise/CallInitial/CCTK_BASEGRID" (maximum)",""main/Initialise/CallInitial/CCTK_BASEGRID/CallFunction" (average)",""main/Initialise/CallInitial/CCTK_BASEGRID/CallFunction" (minimum)",""main/Initialise/CallInitial/CCTK_BASEGRID/CallFunction" (maximum)",""main/Initialise/CallInitial/CCTK_BASEGRID/CallFunction/thorns" (average)",""main/Initialise/CallInitial/CCTK_BASEGRID/CallFunction/thorns" (minimum)",""main/Initialise/CallInitial/CCTK_BASEGRID/CallFunction/thorns" (maximum)",""main/Initialise/CallInitial/CCTK_BASEGRID/CallFunction/thorns/ADMBase_SetDtLapseStateOn" (average)",""main/Initialise/CallInitial/CCTK_BASEGRID/CallFunction/thorns/ADMBase_SetDtLapseStateOn" (minimum)",""main/Initialise/CallInitial/CCTK_BASEGRID/CallFunction/thorns/ADMBase_SetDtLapseStateOn" (maximum)",""main/Initialise/CallInitial/CCTK_BASEGRID/CallFunction/thorns/ADMBase_SetDtShiftStateOn" (average)",""main/Initialise/CallInitial/CCTK_BASEGRID/CallFunction/thorns/ADMBase_SetDtShiftStateOn" (minimum)",""main/Initialise/CallInitial/CCTK_BASEGRID/CallFunction/thorns/ADMBase_SetDtShiftStateOn" (maximum)",""main/Initialise/CallInitial/CCTK_BASEGRID/CallFunction/thorns/ADMBase_SetShiftStateOn" (average)",""main/Initialise/CallInitial/CCTK_BASEGRID/CallFunction/thorns/ADMBase_SetShiftStateOn" (minimum)",""main/Initialise/CallInitial/CCTK_BASEGRID/CallFunction/thorns/ADMBase_SetShiftStateOn" (maximum)",""main/Initialise/CallInitial/CCTK_BASEGRID/CallFunction/thorns/ADMMacros_SetLocalSpatialOrder" (average)",""main/Initialise/CallInitial/CCTK_BASEGRID/CallFunction/thorns/ADMMacros_SetLocalSpatialOrder" (minimum)",""main/Initialise/CallInitial/CCTK_BASEGRID/CallFunction/thorns/ADMMacros_SetLocalSpatialOrder" (maximum)",""main/Initialise/CallInitial/CCTK_BASEGRID/CallFunction/thorns/CarpetMaskSetup" (average)",""main/Initialise/CallInitial/CCTK_BASEGRID/CallFunction/thorns/CarpetMaskSetup" (minimum)",""main/Initialise/CallInitial/CCTK_BASEGRID/CallFunction/thorns/CarpetMaskSetup" (maximum)",""main/Initialise/CallInitial/CCTK_BASEGRID/CallFunction/thorns/CoordBase_SetupMask" (average)",""main/Initialise/CallInitial/CCTK_BASEGRID/CallFunction/thorns/CoordBase_SetupMask" (minimum)",""main/Initialise/CallInitial/CCTK_BASEGRID/CallFunction/thorns/CoordBase_SetupMask" (maximum)",""main/Initialise/CallInitial/CCTK_BASEGRID/CallFunction/thorns/ML_BSSN_CheckBoundaries" (average)",""main/Initialise/CallInitial/CCTK_BASEGRID/CallFunction/thorns/ML_BSSN_CheckBoundaries" (minimum)",""main/Initialise/CallInitial/CCTK_BASEGRID/CallFunction/thorns/ML_BSSN_CheckBoundaries" (maximum)",""main/Initialise/CallInitial/CCTK_BASEGRID/CallFunction/thorns/MaskBase_AllocateMask" (average)",""main/Initialise/CallInitial/CCTK_BASEGRID/CallFunction/thorns/MaskBase_AllocateMask" (minimum)",""main/Initialise/CallInitial/CCTK_BASEGRID/CallFunction/thorns/MaskBase_AllocateMask" (maximum)",""main/Initialise/CallInitial/CCTK_BASEGRID/CallFunction/thorns/MaskBase_InitMask" (average)",""main/Initialise/CallInitial/CCTK_BASEGRID/CallFunction/thorns/MaskBase_InitMask" (minimum)",""main/Initialise/CallInitial/CCTK_BASEGRID/CallFunction/thorns/MaskBase_InitMask" (maximum)",""main/Initialise/CallInitial/CCTK_BASEGRID/CallFunction/thorns/MaskBase_SetMask" (average)",""main/Initialise/CallInitial/CCTK_BASEGRID/CallFunction/thorns/MaskBase_SetMask" (minimum)",""main/Initialise/CallInitial/CCTK_BASEGRID/CallFunction/thorns/MaskBase_SetMask" (maximum)",""main/Initialise/CallInitial/CCTK_BASEGRID/CallFunction/thorns/MaskBase_TestMask" (average)",""main/Initialise/CallInitial/CCTK_BASEGRID/CallFunction/thorns/MaskBase_TestMask" (minimum)",""main/Initialise/CallInitial/CCTK_BASEGRID/CallFunction/thorns/MaskBase_TestMask" (maximum)",""main/Initialise/CallInitial/CCTK_BASEGRID/CallFunction/thorns/SpatialCoordinates" (average)",""main/Initialise/CallInitial/CCTK_BASEGRID/CallFunction/thorns/SpatialCoordinates" (minimum)",""main/Initialise/CallInitial/CCTK_BASEGRID/CallFunction/thorns/SpatialCoordinates" (maximum)",""main/Initialise/CallInitial/CCTK_BASEGRID/CallFunction/thorns/SpatialSpacings" (average)",""main/Initialise/CallInitial/CCTK_BASEGRID/CallFunction/thorns/SpatialSpacings" (minimum)",""main/Initialise/CallInitial/CCTK_BASEGRID/CallFunction/thorns/SpatialSpacings" (maximum)",""main/Initialise/CallInitial/CCTK_BASEGRID/CallFunction/thorns/SymBase_Check" (average)",""main/Initialise/CallInitial/CCTK_BASEGRID/CallFunction/thorns/SymBase_Check" (minimum)",""main/Initialise/CallInitial/CCTK_BASEGRID/CallFunction/thorns/SymBase_Check" (maximum)",""main/Initialise/CallInitial/CCTK_BASEGRID/CallFunction/thorns/TemporalSpacings" (average)",""main/Initialise/CallInitial/CCTK_BASEGRID/CallFunction/thorns/TemporalSpacings" (minimum)",""main/Initialise/CallInitial/CCTK_BASEGRID/CallFunction/thorns/TemporalSpacings" (maximum)",""main/Initialise/CallInitial/CCTK_BASEGRID/CallFunction/thorns/Time_Initialise" (average)",""main/Initialise/CallInitial/CCTK_BASEGRID/CallFunction/thorns/Time_Initialise" (minimum)",""main/Initialise/CallInitial/CCTK_BASEGRID/CallFunction/thorns/Time_Initialise" (maximum)",""main/Initialise/CallInitial/CCTK_BASEGRID/CarpetLib::ggf::recompose_allocate" (average)",""main/Initialise/CallInitial/CCTK_BASEGRID/CarpetLib::ggf::recompose_allocate" (minimum)",""main/Initialise/CallInitial/CCTK_BASEGRID/CarpetLib::ggf::recompose_allocate" (maximum)",""main/Initialise/CallInitial/CCTK_BASEGRID/CarpetLib::ggf::recompose_crop" (average)",""main/Initialise/CallInitial/CCTK_BASEGRID/CarpetLib::ggf::recompose_crop" (minimum)",""main/Initialise/CallInitial/CCTK_BASEGRID/CarpetLib::ggf::recompose_crop" (maximum)",""main/Initialise/CallInitial/CCTK_BASEGRID/dh::recompose_free_old" (average)",""main/Initialise/CallInitial/CCTK_BASEGRID/dh::recompose_free_old" (minimum)",""main/Initialise/CallInitial/CCTK_BASEGRID/dh::recompose_free_old" (maximum)",""main/Initialise/CallInitial/CCTK_INITIAL" (average)",""main/Initialise/CallInitial/CCTK_INITIAL" (minimum)",""main/Initialise/CallInitial/CCTK_INITIAL" (maximum)",""main/Initialise/CallInitial/CCTK_INITIAL/CallFunction" (average)",""main/Initialise/CallInitial/CCTK_INITIAL/CallFunction" (minimum)",""main/Initialise/CallInitial/CCTK_INITIAL/CallFunction" (maximum)",""main/Initialise/CallInitial/CCTK_INITIAL/CallFunction/syncs" (average)",""main/Initialise/CallInitial/CCTK_INITIAL/CallFunction/syncs" (minimum)",""main/Initialise/CallInitial/CCTK_INITIAL/CallFunction/syncs" (maximum)",""main/Initialise/CallInitial/CCTK_INITIAL/CallFunction/syncs/Prolongate" (average)",""main/Initialise/CallInitial/CCTK_INITIAL/CallFunction/syncs/Prolongate" (minimum)",""main/Initialise/CallInitial/CCTK_INITIAL/CallFunction/syncs/Prolongate" (maximum)",""main/Initialise/CallInitial/CCTK_INITIAL/CallFunction/syncs/Sync" (average)",""main/Initialise/CallInitial/CCTK_INITIAL/CallFunction/syncs/Sync" (minimum)",""main/Initialise/CallInitial/CCTK_INITIAL/CallFunction/syncs/Sync" (maximum)",""main/Initialise/CallInitial/CCTK_INITIAL/CallFunction/syncs/Sync/comm_state[0].create" (average)",""main/Initialise/CallInitial/CCTK_INITIAL/CallFunction/syncs/Sync/comm_state[0].create" (minimum)",""main/Initialise/CallInitial/CCTK_INITIAL/CallFunction/syncs/Sync/comm_state[0].create" (maximum)",""main/Initialise/CallInitial/CCTK_INITIAL/CallFunction/syncs/Sync/comm_state[1].state_get_buffer_size" (average)",""main/Initialise/CallInitial/CCTK_INITIAL/CallFunction/syncs/Sync/comm_state[1].state_get_buffer_size" (minimum)",""main/Initialise/CallInitial/CCTK_INITIAL/CallFunction/syncs/Sync/comm_state[1].state_get_buffer_size" (maximum)",""main/Initialise/CallInitial/CCTK_INITIAL/CallFunction/syncs/Sync/comm_state[2].state_get_buffer_size" (average)",""main/Initialise/CallInitial/CCTK_INITIAL/CallFunction/syncs/Sync/comm_state[2].state_get_buffer_size" (minimum)",""main/Initialise/CallInitial/CCTK_INITIAL/CallFunction/syncs/Sync/comm_state[2].state_get_buffer_size" (maximum)",""main/Initialise/CallInitial/CCTK_INITIAL/CallFunction/syncs/Sync/comm_state[3].state_fill_send_buffe" (average)",""main/Initialise/CallInitial/CCTK_INITIAL/CallFunction/syncs/Sync/comm_state[3].state_fill_send_buffe" (minimum)",""main/Initialise/CallInitial/CCTK_INITIAL/CallFunction/syncs/Sync/comm_state[3].state_fill_send_buffe" (maximum)",""main/Initialise/CallInitial/CCTK_INITIAL/CallFunction/syncs/Sync/comm_state[4].state_fill_send_buffe" (average)",""main/Initialise/CallInitial/CCTK_INITIAL/CallFunction/syncs/Sync/comm_state[4].state_fill_send_buffe" (minimum)",""main/Initialise/CallInitial/CCTK_INITIAL/CallFunction/syncs/Sync/comm_state[4].state_fill_send_buffe" (maximum)",""main/Initialise/CallInitial/CCTK_INITIAL/CallFunction/syncs/Sync/comm_state[5].state_do_some_work.us" (average)",""main/Initialise/CallInitial/CCTK_INITIAL/CallFunction/syncs/Sync/comm_state[5].state_do_some_work.us" (minimum)",""main/Initialise/CallInitial/CCTK_INITIAL/CallFunction/syncs/Sync/comm_state[5].state_do_some_work.us" (maximum)",""main/Initialise/CallInitial/CCTK_INITIAL/CallFunction/syncs/Sync/comm_state[6].state_do_some_work.st" (average)",""main/Initialise/CallInitial/CCTK_INITIAL/CallFunction/syncs/Sync/comm_state[6].state_do_some_work.st" (minimum)",""main/Initialise/CallInitial/CCTK_INITIAL/CallFunction/syncs/Sync/comm_state[6].state_do_some_work.st" (maximum)",""main/Initialise/CallInitial/CCTK_INITIAL/CallFunction/syncs/Sync/comm_state[7].state_empty_recv_buff" (average)",""main/Initialise/CallInitial/CCTK_INITIAL/CallFunction/syncs/Sync/comm_state[7].state_empty_recv_buff" (minimum)",""main/Initialise/CallInitial/CCTK_INITIAL/CallFunction/syncs/Sync/comm_state[7].state_empty_recv_buff" (maximum)",""main/Initialise/CallInitial/CCTK_INITIAL/CallFunction/syncs/Sync/comm_state[8].state_empty_recv_buff" (average)",""main/Initialise/CallInitial/CCTK_INITIAL/CallFunction/syncs/Sync/comm_state[8].state_empty_recv_buff" (minimum)",""main/Initialise/CallInitial/CCTK_INITIAL/CallFunction/syncs/Sync/comm_state[8].state_empty_recv_buff" (maximum)",""main/Initialise/CallInitial/CCTK_INITIAL/CallFunction/thorns" (average)",""main/Initialise/CallInitial/CCTK_INITIAL/CallFunction/thorns" (minimum)",""main/Initialise/CallInitial/CCTK_INITIAL/CallFunction/thorns" (maximum)",""main/Initialise/CallInitial/CCTK_INITIAL/CallFunction/thorns/ADMBase_DtLapseZero" (average)",""main/Initialise/CallInitial/CCTK_INITIAL/CallFunction/thorns/ADMBase_DtLapseZero" (minimum)",""main/Initialise/CallInitial/CCTK_INITIAL/CallFunction/thorns/ADMBase_DtLapseZero" (maximum)",""main/Initialise/CallInitial/CCTK_INITIAL/CallFunction/thorns/ADMBase_DtShiftZero" (average)",""main/Initialise/CallInitial/CCTK_INITIAL/CallFunction/thorns/ADMBase_DtShiftZero" (minimum)",""main/Initialise/CallInitial/CCTK_INITIAL/CallFunction/thorns/ADMBase_DtShiftZero" (maximum)",""main/Initialise/CallInitial/CCTK_INITIAL/CallFunction/thorns/ADMBase_LapseOne" (average)",""main/Initialise/CallInitial/CCTK_INITIAL/CallFunction/thorns/ADMBase_LapseOne" (minimum)",""main/Initialise/CallInitial/CCTK_INITIAL/CallFunction/thorns/ADMBase_LapseOne" (maximum)",""main/Initialise/CallInitial/CCTK_INITIAL/CallFunction/thorns/ADMBase_ShiftZero" (average)",""main/Initialise/CallInitial/CCTK_INITIAL/CallFunction/thorns/ADMBase_ShiftZero" (minimum)",""main/Initialise/CallInitial/CCTK_INITIAL/CallFunction/thorns/ADMBase_ShiftZero" (maximum)",""main/Initialise/CallInitial/CCTK_INITIAL/CallFunction/thorns/CarpetIOASCIIInit" (average)",""main/Initialise/CallInitial/CCTK_INITIAL/CallFunction/thorns/CarpetIOASCIIInit" (minimum)",""main/Initialise/CallInitial/CCTK_INITIAL/CallFunction/thorns/CarpetIOASCIIInit" (maximum)",""main/Initialise/CallInitial/CCTK_INITIAL/CallFunction/thorns/CarpetIOBasicInit" (average)",""main/Initialise/CallInitial/CCTK_INITIAL/CallFunction/thorns/CarpetIOBasicInit" (minimum)",""main/Initialise/CallInitial/CCTK_INITIAL/CallFunction/thorns/CarpetIOBasicInit" (maximum)",""main/Initialise/CallInitial/CCTK_INITIAL/CallFunction/thorns/CarpetIOHDF5_Init" (average)",""main/Initialise/CallInitial/CCTK_INITIAL/CallFunction/thorns/CarpetIOHDF5_Init" (minimum)",""main/Initialise/CallInitial/CCTK_INITIAL/CallFunction/thorns/CarpetIOHDF5_Init" (maximum)",""main/Initialise/CallInitial/CCTK_INITIAL/CallFunction/thorns/CarpetIOScalarInit" (average)",""main/Initialise/CallInitial/CCTK_INITIAL/CallFunction/thorns/CarpetIOScalarInit" (minimum)",""main/Initialise/CallInitial/CCTK_INITIAL/CallFunction/thorns/CarpetIOScalarInit" (maximum)",""main/Initialise/CallInitial/CCTK_INITIAL/CallFunction/thorns/ML_BSSN_InitialADMBase1Everywhere" (average)",""main/Initialise/CallInitial/CCTK_INITIAL/CallFunction/thorns/ML_BSSN_InitialADMBase1Everywhere" (minimum)",""main/Initialise/CallInitial/CCTK_INITIAL/CallFunction/thorns/ML_BSSN_InitialADMBase1Everywhere" (maximum)",""main/Initialise/CallInitial/CCTK_INITIAL/CallFunction/thorns/ML_BSSN_InitialADMBase2BoundaryScalar" (average)",""main/Initialise/CallInitial/CCTK_INITIAL/CallFunction/thorns/ML_BSSN_InitialADMBase2BoundaryScalar" (minimum)",""main/Initialise/CallInitial/CCTK_INITIAL/CallFunction/thorns/ML_BSSN_InitialADMBase2BoundaryScalar" (maximum)",""main/Initialise/CallInitial/CCTK_INITIAL/CallFunction/thorns/ML_BSSN_InitialADMBase2Interior" (average)",""main/Initialise/CallInitial/CCTK_INITIAL/CallFunction/thorns/ML_BSSN_InitialADMBase2Interior" (minimum)",""main/Initialise/CallInitial/CCTK_INITIAL/CallFunction/thorns/ML_BSSN_InitialADMBase2Interior" (maximum)",""main/Initialise/CallInitial/CCTK_INITIAL/CallFunction/thorns/ManyBH_initialdata" (average)",""main/Initialise/CallInitial/CCTK_INITIAL/CallFunction/thorns/ManyBH_initialdata" (minimum)",""main/Initialise/CallInitial/CCTK_INITIAL/CallFunction/thorns/ManyBH_initialdata" (maximum)",""main/Initialise/CallInitial/CCTK_INITIAL/CallFunction/thorns/MoL_StartLoop" (average)",""main/Initialise/CallInitial/CCTK_INITIAL/CallFunction/thorns/MoL_StartLoop" (minimum)",""main/Initialise/CallInitial/CCTK_INITIAL/CallFunction/thorns/MoL_StartLoop" (maximum)",""main/Initialise/CallInitial/CCTK_INITIAL/CallFunction/thorns/StaticConformal_InitialiseState" (average)",""main/Initialise/CallInitial/CCTK_INITIAL/CallFunction/thorns/StaticConformal_InitialiseState" (minimum)",""main/Initialise/CallInitial/CCTK_INITIAL/CallFunction/thorns/StaticConformal_InitialiseState" (maximum)",""main/Initialise/CallInitial/CCTK_INITIAL/CallFunction/thorns/TmunuBase_ZeroTmunu" (average)",""main/Initialise/CallInitial/CCTK_INITIAL/CallFunction/thorns/TmunuBase_ZeroTmunu" (minimum)",""main/Initialise/CallInitial/CCTK_INITIAL/CallFunction/thorns/TmunuBase_ZeroTmunu" (maximum)",""main/Initialise/CallInitial/CCTK_POSTINITIAL" (average)",""main/Initialise/CallInitial/CCTK_POSTINITIAL" (minimum)",""main/Initialise/CallInitial/CCTK_POSTINITIAL" (maximum)",""main/Initialise/CallInitial/CCTK_POSTINITIAL/CallFunction" (average)",""main/Initialise/CallInitial/CCTK_POSTINITIAL/CallFunction" (minimum)",""main/Initialise/CallInitial/CCTK_POSTINITIAL/CallFunction" (maximum)",""main/Initialise/CallInitial/CCTK_POSTINITIAL/CallFunction/syncs" (average)",""main/Initialise/CallInitial/CCTK_POSTINITIAL/CallFunction/syncs" (minimum)",""main/Initialise/CallInitial/CCTK_POSTINITIAL/CallFunction/syncs" (maximum)",""main/Initialise/CallInitial/CCTK_POSTINITIAL/CallFunction/syncs/Prolongate" (average)",""main/Initialise/CallInitial/CCTK_POSTINITIAL/CallFunction/syncs/Prolongate" (minimum)",""main/Initialise/CallInitial/CCTK_POSTINITIAL/CallFunction/syncs/Prolongate" (maximum)",""main/Initialise/CallInitial/CCTK_POSTINITIAL/CallFunction/syncs/Sync" (average)",""main/Initialise/CallInitial/CCTK_POSTINITIAL/CallFunction/syncs/Sync" (minimum)",""main/Initialise/CallInitial/CCTK_POSTINITIAL/CallFunction/syncs/Sync" (maximum)",""main/Initialise/CallInitial/CCTK_POSTINITIAL/CallFunction/syncs/Sync/comm_state[0].create" (average)",""main/Initialise/CallInitial/CCTK_POSTINITIAL/CallFunction/syncs/Sync/comm_state[0].create" (minimum)",""main/Initialise/CallInitial/CCTK_POSTINITIAL/CallFunction/syncs/Sync/comm_state[0].create" (maximum)",""main/Initialise/CallInitial/CCTK_POSTINITIAL/CallFunction/syncs/Sync/comm_state[1].state_get_buffer_" (average)",""main/Initialise/CallInitial/CCTK_POSTINITIAL/CallFunction/syncs/Sync/comm_state[1].state_get_buffer_" (minimum)",""main/Initialise/CallInitial/CCTK_POSTINITIAL/CallFunction/syncs/Sync/comm_state[1].state_get_buffer_" (maximum)",""main/Initialise/CallInitial/CCTK_POSTINITIAL/CallFunction/syncs/Sync/comm_state[2].state_get_buffer_" (average)",""main/Initialise/CallInitial/CCTK_POSTINITIAL/CallFunction/syncs/Sync/comm_state[2].state_get_buffer_" (minimum)",""main/Initialise/CallInitial/CCTK_POSTINITIAL/CallFunction/syncs/Sync/comm_state[2].state_get_buffer_" (maximum)",""main/Initialise/CallInitial/CCTK_POSTINITIAL/CallFunction/syncs/Sync/comm_state[3].state_fill_send_b" (average)",""main/Initialise/CallInitial/CCTK_POSTINITIAL/CallFunction/syncs/Sync/comm_state[3].state_fill_send_b" (minimum)",""main/Initialise/CallInitial/CCTK_POSTINITIAL/CallFunction/syncs/Sync/comm_state[3].state_fill_send_b" (maximum)",""main/Initialise/CallInitial/CCTK_POSTINITIAL/CallFunction/syncs/Sync/comm_state[4].state_fill_send_b" (average)",""main/Initialise/CallInitial/CCTK_POSTINITIAL/CallFunction/syncs/Sync/comm_state[4].state_fill_send_b" (minimum)",""main/Initialise/CallInitial/CCTK_POSTINITIAL/CallFunction/syncs/Sync/comm_state[4].state_fill_send_b" (maximum)",""main/Initialise/CallInitial/CCTK_POSTINITIAL/CallFunction/syncs/Sync/comm_state[5].state_do_some_wor" (average)",""main/Initialise/CallInitial/CCTK_POSTINITIAL/CallFunction/syncs/Sync/comm_state[5].state_do_some_wor" (minimum)",""main/Initialise/CallInitial/CCTK_POSTINITIAL/CallFunction/syncs/Sync/comm_state[5].state_do_some_wor" (maximum)",""main/Initialise/CallInitial/CCTK_POSTINITIAL/CallFunction/syncs/Sync/comm_state[6].state_do_some_wor" (average)",""main/Initialise/CallInitial/CCTK_POSTINITIAL/CallFunction/syncs/Sync/comm_state[6].state_do_some_wor" (minimum)",""main/Initialise/CallInitial/CCTK_POSTINITIAL/CallFunction/syncs/Sync/comm_state[6].state_do_some_wor" (maximum)",""main/Initialise/CallInitial/CCTK_POSTINITIAL/CallFunction/syncs/Sync/comm_state[7].state_empty_recv_" (average)",""main/Initialise/CallInitial/CCTK_POSTINITIAL/CallFunction/syncs/Sync/comm_state[7].state_empty_recv_" (minimum)",""main/Initialise/CallInitial/CCTK_POSTINITIAL/CallFunction/syncs/Sync/comm_state[7].state_empty_recv_" (maximum)",""main/Initialise/CallInitial/CCTK_POSTINITIAL/CallFunction/syncs/Sync/comm_state[8].state_empty_recv_" (average)",""main/Initialise/CallInitial/CCTK_POSTINITIAL/CallFunction/syncs/Sync/comm_state[8].state_empty_recv_" (minimum)",""main/Initialise/CallInitial/CCTK_POSTINITIAL/CallFunction/syncs/Sync/comm_state[8].state_empty_recv_" (maximum)",""main/Initialise/CallInitial/CCTK_POSTINITIAL/CallFunction/thorns" (average)",""main/Initialise/CallInitial/CCTK_POSTINITIAL/CallFunction/thorns" (minimum)",""main/Initialise/CallInitial/CCTK_POSTINITIAL/CallFunction/thorns" (maximum)",""main/Initialise/CallInitial/CCTK_POSTINITIAL/CallFunction/thorns/ADMBase_Boundaries" (average)",""main/Initialise/CallInitial/CCTK_POSTINITIAL/CallFunction/thorns/ADMBase_Boundaries" (minimum)",""main/Initialise/CallInitial/CCTK_POSTINITIAL/CallFunction/thorns/ADMBase_Boundaries" (maximum)",""main/Initialise/CallInitial/CCTK_POSTINITIAL/CallFunction/thorns/ADMConstraints" (average)",""main/Initialise/CallInitial/CCTK_POSTINITIAL/CallFunction/thorns/ADMConstraints" (minimum)",""main/Initialise/CallInitial/CCTK_POSTINITIAL/CallFunction/thorns/ADMConstraints" (maximum)",""main/Initialise/CallInitial/CCTK_POSTINITIAL/CallFunction/thorns/ADMConstraints_Boundaries" (average)",""main/Initialise/CallInitial/CCTK_POSTINITIAL/CallFunction/thorns/ADMConstraints_Boundaries" (minimum)",""main/Initialise/CallInitial/CCTK_POSTINITIAL/CallFunction/thorns/ADMConstraints_Boundaries" (maximum)",""main/Initialise/CallInitial/CCTK_POSTINITIAL/CallFunction/thorns/Boundary_ApplyPhysicalBCs" (average)",""main/Initialise/CallInitial/CCTK_POSTINITIAL/CallFunction/thorns/Boundary_ApplyPhysicalBCs" (minimum)",""main/Initialise/CallInitial/CCTK_POSTINITIAL/CallFunction/thorns/Boundary_ApplyPhysicalBCs" (maximum)",""main/Initialise/CallInitial/CCTK_POSTINITIAL/CallFunction/thorns/Boundary_ClearSelection" (average)",""main/Initialise/CallInitial/CCTK_POSTINITIAL/CallFunction/thorns/Boundary_ClearSelection" (minimum)",""main/Initialise/CallInitial/CCTK_POSTINITIAL/CallFunction/thorns/Boundary_ClearSelection" (maximum)",""main/Initialise/CallInitial/CCTK_POSTINITIAL/CallFunction/thorns/CarpetIOHDF5_CloseFiles" (average)",""main/Initialise/CallInitial/CCTK_POSTINITIAL/CallFunction/thorns/CarpetIOHDF5_CloseFiles" (minimum)",""main/Initialise/CallInitial/CCTK_POSTINITIAL/CallFunction/thorns/CarpetIOHDF5_CloseFiles" (maximum)",""main/Initialise/CallInitial/CCTK_POSTINITIAL/CallFunction/thorns/CartGrid3D_ApplyBC" (average)",""main/Initialise/CallInitial/CCTK_POSTINITIAL/CallFunction/thorns/CartGrid3D_ApplyBC" (minimum)",""main/Initialise/CallInitial/CCTK_POSTINITIAL/CallFunction/thorns/CartGrid3D_ApplyBC" (maximum)",""main/Initialise/CallInitial/CCTK_POSTINITIAL/CallFunction/thorns/ML_BSSN_ADMBaseBoundaryScalar" (average)",""main/Initialise/CallInitial/CCTK_POSTINITIAL/CallFunction/thorns/ML_BSSN_ADMBaseBoundaryScalar" (minimum)",""main/Initialise/CallInitial/CCTK_POSTINITIAL/CallFunction/thorns/ML_BSSN_ADMBaseBoundaryScalar" (maximum)",""main/Initialise/CallInitial/CCTK_POSTINITIAL/CallFunction/thorns/ML_BSSN_ADMBaseEverywhere" (average)",""main/Initialise/CallInitial/CCTK_POSTINITIAL/CallFunction/thorns/ML_BSSN_ADMBaseEverywhere" (minimum)",""main/Initialise/CallInitial/CCTK_POSTINITIAL/CallFunction/thorns/ML_BSSN_ADMBaseEverywhere" (maximum)",""main/Initialise/CallInitial/CCTK_POSTINITIAL/CallFunction/thorns/ML_BSSN_ADMBaseInterior" (average)",""main/Initialise/CallInitial/CCTK_POSTINITIAL/CallFunction/thorns/ML_BSSN_ADMBaseInterior" (minimum)",""main/Initialise/CallInitial/CCTK_POSTINITIAL/CallFunction/thorns/ML_BSSN_ADMBaseInterior" (maximum)",""main/Initialise/CallInitial/CCTK_POSTINITIAL/CallFunction/thorns/ML_BSSN_ADMBase_SelectBCs" (average)",""main/Initialise/CallInitial/CCTK_POSTINITIAL/CallFunction/thorns/ML_BSSN_ADMBase_SelectBCs" (minimum)",""main/Initialise/CallInitial/CCTK_POSTINITIAL/CallFunction/thorns/ML_BSSN_ADMBase_SelectBCs" (maximum)",""main/Initialise/CallInitial/CCTK_POSTINITIAL/CallFunction/thorns/ML_BSSN_ConstraintsEverywhere" (average)",""main/Initialise/CallInitial/CCTK_POSTINITIAL/CallFunction/thorns/ML_BSSN_ConstraintsEverywhere" (minimum)",""main/Initialise/CallInitial/CCTK_POSTINITIAL/CallFunction/thorns/ML_BSSN_ConstraintsEverywhere" (maximum)",""main/Initialise/CallInitial/CCTK_POSTINITIAL/CallFunction/thorns/ML_BSSN_ConstraintsEverywhere_Selec" (average)",""main/Initialise/CallInitial/CCTK_POSTINITIAL/CallFunction/thorns/ML_BSSN_ConstraintsEverywhere_Selec" (minimum)",""main/Initialise/CallInitial/CCTK_POSTINITIAL/CallFunction/thorns/ML_BSSN_ConstraintsEverywhere_Selec" (maximum)",""main/Initialise/CallInitial/CCTK_POSTINITIAL/CallFunction/thorns/ML_BSSN_ConstraintsInterior" (average)",""main/Initialise/CallInitial/CCTK_POSTINITIAL/CallFunction/thorns/ML_BSSN_ConstraintsInterior" (minimum)",""main/Initialise/CallInitial/CCTK_POSTINITIAL/CallFunction/thorns/ML_BSSN_ConstraintsInterior" (maximum)",""main/Initialise/CallInitial/CCTK_POSTINITIAL/CallFunction/thorns/ML_BSSN_ConstraintsInterior_SelectB" (average)",""main/Initialise/CallInitial/CCTK_POSTINITIAL/CallFunction/thorns/ML_BSSN_ConstraintsInterior_SelectB" (minimum)",""main/Initialise/CallInitial/CCTK_POSTINITIAL/CallFunction/thorns/ML_BSSN_ConstraintsInterior_SelectB" (maximum)",""main/Initialise/CallInitial/CCTK_POSTINITIAL/CallFunction/thorns/ML_BSSN_EnforceEverywhere" (average)",""main/Initialise/CallInitial/CCTK_POSTINITIAL/CallFunction/thorns/ML_BSSN_EnforceEverywhere" (minimum)",""main/Initialise/CallInitial/CCTK_POSTINITIAL/CallFunction/thorns/ML_BSSN_EnforceEverywhere" (maximum)",""main/Initialise/CallInitial/CCTK_POSTINITIAL/CallFunction/thorns/ML_BSSN_SelectBoundConds" (average)",""main/Initialise/CallInitial/CCTK_POSTINITIAL/CallFunction/thorns/ML_BSSN_SelectBoundConds" (minimum)",""main/Initialise/CallInitial/CCTK_POSTINITIAL/CallFunction/thorns/ML_BSSN_SelectBoundConds" (maximum)",""main/Initialise/CallInitial/CCTK_POSTINITIAL/CallFunction/thorns/TmunuBase_ZeroTmunu" (average)",""main/Initialise/CallInitial/CCTK_POSTINITIAL/CallFunction/thorns/TmunuBase_ZeroTmunu" (minimum)",""main/Initialise/CallInitial/CCTK_POSTINITIAL/CallFunction/thorns/TmunuBase_ZeroTmunu" (maximum)",""main/Initialise/CallInitial/CallRegridInitialMeta" (average)",""main/Initialise/CallInitial/CallRegridInitialMeta" (minimum)",""main/Initialise/CallInitial/CallRegridInitialMeta" (maximum)",""main/Initialise/CallInitial/CallRegridInitialMeta/CCTK_PREREGRIDINITIAL" (average)",""main/Initialise/CallInitial/CallRegridInitialMeta/CCTK_PREREGRIDINITIAL" (minimum)",""main/Initialise/CallInitial/CallRegridInitialMeta/CCTK_PREREGRIDINITIAL" (maximum)",""main/Initialise/CallInitial/CallRegridInitialMeta/Regrid" (average)",""main/Initialise/CallInitial/CallRegridInitialMeta/Regrid" (minimum)",""main/Initialise/CallInitial/CallRegridInitialMeta/Regrid" (maximum)",""main/Initialise/CallInitial/CallRegridInitialMeta/RegridFree" (average)",""main/Initialise/CallInitial/CallRegridInitialMeta/RegridFree" (minimum)",""main/Initialise/CallInitial/CallRegridInitialMeta/RegridFree" (maximum)",""main/Initialise/CallInitial/Poison" (average)",""main/Initialise/CallInitial/Poison" (minimum)",""main/Initialise/CallInitial/Poison" (maximum)",""main/Initialise/CallPostInitial" (average)",""main/Initialise/CallPostInitial" (minimum)",""main/Initialise/CallPostInitial" (maximum)",""main/Initialise/CallPostInitial/CCTK_POSTPOSTINITIAL" (average)",""main/Initialise/CallPostInitial/CCTK_POSTPOSTINITIAL" (minimum)",""main/Initialise/CallPostInitial/CCTK_POSTPOSTINITIAL" (maximum)",""main/Initialise/CallPostInitial/CCTK_POSTPOSTINITIAL/CallFunction" (average)",""main/Initialise/CallPostInitial/CCTK_POSTPOSTINITIAL/CallFunction" (minimum)",""main/Initialise/CallPostInitial/CCTK_POSTPOSTINITIAL/CallFunction" (maximum)",""main/Initialise/CallPostInitial/CCTK_POSTPOSTINITIAL/CallFunction/thorns" (average)",""main/Initialise/CallPostInitial/CCTK_POSTPOSTINITIAL/CallFunction/thorns" (minimum)",""main/Initialise/CallPostInitial/CCTK_POSTPOSTINITIAL/CallFunction/thorns" (maximum)",""main/Initialise/CallPostInitial/CCTK_POSTPOSTINITIAL/CallFunction/thorns/ManyBH_cleanup" (average)",""main/Initialise/CallPostInitial/CCTK_POSTPOSTINITIAL/CallFunction/thorns/ManyBH_cleanup" (minimum)",""main/Initialise/CallPostInitial/CCTK_POSTPOSTINITIAL/CallFunction/thorns/ManyBH_cleanup" (maximum)",""main/Initialise/CallPostInitial/CCTK_POSTSTEP" (average)",""main/Initialise/CallPostInitial/CCTK_POSTSTEP" (minimum)",""main/Initialise/CallPostInitial/CCTK_POSTSTEP" (maximum)",""main/Initialise/CallRestrict" (average)",""main/Initialise/CallRestrict" (minimum)",""main/Initialise/CallRestrict" (maximum)",""main/Initialise/CallSetup" (average)",""main/Initialise/CallSetup" (minimum)",""main/Initialise/CallSetup" (maximum)",""main/Initialise/CallSetup/CCTK_PARAMCHECK" (average)",""main/Initialise/CallSetup/CCTK_PARAMCHECK" (minimum)",""main/Initialise/CallSetup/CCTK_PARAMCHECK" (maximum)",""main/Initialise/CallSetup/CCTK_PARAMCHECK/CallFunction" (average)",""main/Initialise/CallSetup/CCTK_PARAMCHECK/CallFunction" (minimum)",""main/Initialise/CallSetup/CCTK_PARAMCHECK/CallFunction" (maximum)",""main/Initialise/CallSetup/CCTK_PARAMCHECK/CallFunction/thorns" (average)",""main/Initialise/CallSetup/CCTK_PARAMCHECK/CallFunction/thorns" (minimum)",""main/Initialise/CallSetup/CCTK_PARAMCHECK/CallFunction/thorns" (maximum)",""main/Initialise/CallSetup/CCTK_PARAMCHECK/CallFunction/thorns/ADMBase_ParamCheck" (average)",""main/Initialise/CallSetup/CCTK_PARAMCHECK/CallFunction/thorns/ADMBase_ParamCheck" (minimum)",""main/Initialise/CallSetup/CCTK_PARAMCHECK/CallFunction/thorns/ADMBase_ParamCheck" (maximum)",""main/Initialise/CallSetup/CCTK_PARAMCHECK/CallFunction/thorns/ADMConstraints_ParamCheck" (average)",""main/Initialise/CallSetup/CCTK_PARAMCHECK/CallFunction/thorns/ADMConstraints_ParamCheck" (minimum)",""main/Initialise/CallSetup/CCTK_PARAMCHECK/CallFunction/thorns/ADMConstraints_ParamCheck" (maximum)",""main/Initialise/CallSetup/CCTK_PARAMCHECK/CallFunction/thorns/Boundary_Check" (average)",""main/Initialise/CallSetup/CCTK_PARAMCHECK/CallFunction/thorns/Boundary_Check" (minimum)",""main/Initialise/CallSetup/CCTK_PARAMCHECK/CallFunction/thorns/Boundary_Check" (maximum)",""main/Initialise/CallSetup/CCTK_PARAMCHECK/CallFunction/thorns/CarpetLib_test_prolongate_3d_rf2" (average)",""main/Initialise/CallSetup/CCTK_PARAMCHECK/CallFunction/thorns/CarpetLib_test_prolongate_3d_rf2" (minimum)",""main/Initialise/CallSetup/CCTK_PARAMCHECK/CallFunction/thorns/CarpetLib_test_prolongate_3d_rf2" (maximum)",""main/Initialise/CallSetup/CCTK_PARAMCHECK/CallFunction/thorns/CarpetParamCheck" (average)",""main/Initialise/CallSetup/CCTK_PARAMCHECK/CallFunction/thorns/CarpetParamCheck" (minimum)",""main/Initialise/CallSetup/CCTK_PARAMCHECK/CallFunction/thorns/CarpetParamCheck" (maximum)",""main/Initialise/CallSetup/CCTK_PARAMCHECK/CallFunction/thorns/CheckFortranParameters" (average)",""main/Initialise/CallSetup/CCTK_PARAMCHECK/CallFunction/thorns/CheckFortranParameters" (minimum)",""main/Initialise/CallSetup/CCTK_PARAMCHECK/CallFunction/thorns/CheckFortranParameters" (maximum)",""main/Initialise/CallSetup/CCTK_PARAMCHECK/CallFunction/thorns/ML_BSSN_ParamCheck" (average)",""main/Initialise/CallSetup/CCTK_PARAMCHECK/CallFunction/thorns/ML_BSSN_ParamCheck" (minimum)",""main/Initialise/CallSetup/CCTK_PARAMCHECK/CallFunction/thorns/ML_BSSN_ParamCheck" (maximum)",""main/Initialise/CallSetup/CCTK_PARAMCHECK/CallFunction/thorns/MoL_ParamCheck" (average)",""main/Initialise/CallSetup/CCTK_PARAMCHECK/CallFunction/thorns/MoL_ParamCheck" (minimum)",""main/Initialise/CallSetup/CCTK_PARAMCHECK/CallFunction/thorns/MoL_ParamCheck" (maximum)",""main/Initialise/CallSetup/CCTK_PARAMCHECK/CallFunction/thorns/ParamCheck_CartGrid3D" (average)",""main/Initialise/CallSetup/CCTK_PARAMCHECK/CallFunction/thorns/ParamCheck_CartGrid3D" (minimum)",""main/Initialise/CallSetup/CCTK_PARAMCHECK/CallFunction/thorns/ParamCheck_CartGrid3D" (maximum)",""main/Initialise/CallSetup/CCTK_PARAMCHECK/CallFunction/thorns/Vectors_Test" (average)",""main/Initialise/CallSetup/CCTK_PARAMCHECK/CallFunction/thorns/Vectors_Test" (minimum)",""main/Initialise/CallSetup/CCTK_PARAMCHECK/CallFunction/thorns/Vectors_Test" (maximum)",""main/Initialise/CallSetup/CCTK_WRAGH" (average)",""main/Initialise/CallSetup/CCTK_WRAGH" (minimum)",""main/Initialise/CallSetup/CCTK_WRAGH" (maximum)",""main/Initialise/CallSetup/CCTK_WRAGH/CallFunction" (average)",""main/Initialise/CallSetup/CCTK_WRAGH/CallFunction" (minimum)",""main/Initialise/CallSetup/CCTK_WRAGH/CallFunction" (maximum)",""main/Initialise/CallSetup/CCTK_WRAGH/CallFunction/thorns" (average)",""main/Initialise/CallSetup/CCTK_WRAGH/CallFunction/thorns" (minimum)",""main/Initialise/CallSetup/CCTK_WRAGH/CallFunction/thorns" (maximum)",""main/Initialise/CallSetup/CCTK_WRAGH/CallFunction/thorns/ADMConstraint_InitSymBound" (average)",""main/Initialise/CallSetup/CCTK_WRAGH/CallFunction/thorns/ADMConstraint_InitSymBound" (minimum)",""main/Initialise/CallSetup/CCTK_WRAGH/CallFunction/thorns/ADMConstraint_InitSymBound" (maximum)",""main/Initialise/CallSetup/CCTK_WRAGH/CallFunction/thorns/Boundary_RegisterBCs" (average)",""main/Initialise/CallSetup/CCTK_WRAGH/CallFunction/thorns/Boundary_RegisterBCs" (minimum)",""main/Initialise/CallSetup/CCTK_WRAGH/CallFunction/thorns/Boundary_RegisterBCs" (maximum)",""main/Initialise/CallSetup/CCTK_WRAGH/CallFunction/thorns/Einstein_ActivateSlicing" (average)",""main/Initialise/CallSetup/CCTK_WRAGH/CallFunction/thorns/Einstein_ActivateSlicing" (minimum)",""main/Initialise/CallSetup/CCTK_WRAGH/CallFunction/thorns/Einstein_ActivateSlicing" (maximum)",""main/Initialise/CallSetup/CCTK_WRAGH/CallFunction/thorns/Einstein_InitSymBound" (average)",""main/Initialise/CallSetup/CCTK_WRAGH/CallFunction/thorns/Einstein_InitSymBound" (minimum)",""main/Initialise/CallSetup/CCTK_WRAGH/CallFunction/thorns/Einstein_InitSymBound" (maximum)",""main/Initialise/CallSetup/CCTK_WRAGH/CallFunction/thorns/Einstein_SetNextSlicing" (average)",""main/Initialise/CallSetup/CCTK_WRAGH/CallFunction/thorns/Einstein_SetNextSlicing" (minimum)",""main/Initialise/CallSetup/CCTK_WRAGH/CallFunction/thorns/Einstein_SetNextSlicing" (maximum)",""main/Initialise/CallSetup/CCTK_WRAGH/CallFunction/thorns/ML_BSSN_ParamCompat" (average)",""main/Initialise/CallSetup/CCTK_WRAGH/CallFunction/thorns/ML_BSSN_ParamCompat" (minimum)",""main/Initialise/CallSetup/CCTK_WRAGH/CallFunction/thorns/ML_BSSN_ParamCompat" (maximum)",""main/Initialise/CallSetup/CCTK_WRAGH/CallFunction/thorns/ML_BSSN_RegisterConstrained" (average)",""main/Initialise/CallSetup/CCTK_WRAGH/CallFunction/thorns/ML_BSSN_RegisterConstrained" (minimum)",""main/Initialise/CallSetup/CCTK_WRAGH/CallFunction/thorns/ML_BSSN_RegisterConstrained" (maximum)",""main/Initialise/CallSetup/CCTK_WRAGH/CallFunction/thorns/ML_BSSN_RegisterSymmetries" (average)",""main/Initialise/CallSetup/CCTK_WRAGH/CallFunction/thorns/ML_BSSN_RegisterSymmetries" (minimum)",""main/Initialise/CallSetup/CCTK_WRAGH/CallFunction/thorns/ML_BSSN_RegisterSymmetries" (maximum)",""main/Initialise/CallSetup/CCTK_WRAGH/CallFunction/thorns/ML_BSSN_RegisterVars" (average)",""main/Initialise/CallSetup/CCTK_WRAGH/CallFunction/thorns/ML_BSSN_RegisterVars" (minimum)",""main/Initialise/CallSetup/CCTK_WRAGH/CallFunction/thorns/ML_BSSN_RegisterVars" (maximum)",""main/Initialise/CallSetup/CCTK_WRAGH/CallFunction/thorns/ManyBH_spectralinit" (average)",""main/Initialise/CallSetup/CCTK_WRAGH/CallFunction/thorns/ManyBH_spectralinit" (minimum)",""main/Initialise/CallSetup/CCTK_WRAGH/CallFunction/thorns/ManyBH_spectralinit" (maximum)",""main/Initialise/CallSetup/CCTK_WRAGH/CallFunction/thorns/MoL_ReportNumberVariables" (average)",""main/Initialise/CallSetup/CCTK_WRAGH/CallFunction/thorns/MoL_ReportNumberVariables" (minimum)",""main/Initialise/CallSetup/CCTK_WRAGH/CallFunction/thorns/MoL_ReportNumberVariables" (maximum)",""main/Initialise/CallSetup/CCTK_WRAGH/CallFunction/thorns/MoL_SetScheduleStatus" (average)",""main/Initialise/CallSetup/CCTK_WRAGH/CallFunction/thorns/MoL_SetScheduleStatus" (minimum)",""main/Initialise/CallSetup/CCTK_WRAGH/CallFunction/thorns/MoL_SetScheduleStatus" (maximum)",""main/Initialise/CallSetup/CCTK_WRAGH/CallFunction/thorns/MoL_SetupIndexArrays" (average)",""main/Initialise/CallSetup/CCTK_WRAGH/CallFunction/thorns/MoL_SetupIndexArrays" (minimum)",""main/Initialise/CallSetup/CCTK_WRAGH/CallFunction/thorns/MoL_SetupIndexArrays" (maximum)",""main/Initialise/CallSetup/CCTK_WRAGH/CallFunction/thorns/RegisterCartGrid3DCoords" (average)",""main/Initialise/CallSetup/CCTK_WRAGH/CallFunction/thorns/RegisterCartGrid3DCoords" (minimum)",""main/Initialise/CallSetup/CCTK_WRAGH/CallFunction/thorns/RegisterCartGrid3DCoords" (maximum)",""main/Initialise/CallSetup/CCTK_WRAGH/CallFunction/thorns/RegisterSymmetryBoundaries" (average)",""main/Initialise/CallSetup/CCTK_WRAGH/CallFunction/thorns/RegisterSymmetryBoundaries" (minimum)",""main/Initialise/CallSetup/CCTK_WRAGH/CallFunction/thorns/RegisterSymmetryBoundaries" (maximum)",""main/Initialise/CallSetup/CCTK_WRAGH/CallFunction/thorns/Slab_InitTimers" (average)",""main/Initialise/CallSetup/CCTK_WRAGH/CallFunction/thorns/Slab_InitTimers" (minimum)",""main/Initialise/CallSetup/CCTK_WRAGH/CallFunction/thorns/Slab_InitTimers" (maximum)",""main/Initialise/CallSetup/CCTK_WRAGH/CallFunction/thorns/SymBase_Statistics" (average)",""main/Initialise/CallSetup/CCTK_WRAGH/CallFunction/thorns/SymBase_Statistics" (minimum)",""main/Initialise/CallSetup/CCTK_WRAGH/CallFunction/thorns/SymBase_Statistics" (maximum)",""main/Initialise/CallSetup/CCTK_WRAGH/CallFunction/thorns/TmunuBase_SetStressEnergyState" (average)",""main/Initialise/CallSetup/CCTK_WRAGH/CallFunction/thorns/TmunuBase_SetStressEnergyState" (minimum)",""main/Initialise/CallSetup/CCTK_WRAGH/CallFunction/thorns/TmunuBase_SetStressEnergyState" (maximum)",""main/Initialise/CallSetup/Poison" (average)",""main/Initialise/CallSetup/Poison" (minimum)",""main/Initialise/CallSetup/Poison" (maximum)",""main/Initialise/CarpetLib::ggf::recompose_allocate" (average)",""main/Initialise/CarpetLib::ggf::recompose_allocate" (minimum)",""main/Initialise/CarpetLib::ggf::recompose_allocate" (maximum)",""main/Initialise/CarpetLib::ggf::recompose_crop" (average)",""main/Initialise/CarpetLib::ggf::recompose_crop" (minimum)",""main/Initialise/CarpetLib::ggf::recompose_crop" (maximum)",""main/Initialise/dh::recompose_free_old" (average)",""main/Initialise/dh::recompose_free_old" (minimum)",""main/Initialise/dh::recompose_free_old" (maximum)",""meta mode" (average)",""meta mode" (minimum)",""meta mode" (maximum)",""meta mode/meta mode" (average)",""meta mode/meta mode" (minimum)",""meta mode/meta mode" (maximum)",""meta mode/meta mode/enter_global_mode" (average)",""meta mode/meta mode/enter_global_mode" (minimum)",""meta mode/meta mode/enter_global_mode" (maximum)",""meta mode/meta mode/global mode" (average)",""meta mode/meta mode/global mode" (minimum)",""meta mode/meta mode/global mode" (maximum)",""meta mode/meta mode/global mode/enter_level_mode" (average)",""meta mode/meta mode/global mode/enter_level_mode" (minimum)",""meta mode/meta mode/global mode/enter_level_mode" (maximum)",""meta mode/meta mode/global mode/leave_level_mode" (average)",""meta mode/meta mode/global mode/leave_level_mode" (minimum)",""meta mode/meta mode/global mode/leave_level_mode" (maximum)",""meta mode/meta mode/global mode/level(0)" (average)",""meta mode/meta mode/global mode/level(0)" (minimum)",""meta mode/meta mode/global mode/level(0)" (maximum)",""meta mode/meta mode/global mode/level(0)/enter_local_mode" (average)",""meta mode/meta mode/global mode/level(0)/enter_local_mode" (minimum)",""meta mode/meta mode/global mode/level(0)/enter_local_mode" (maximum)",""meta mode/meta mode/global mode/level(0)/enter_singlemap_mode" (average)",""meta mode/meta mode/global mode/level(0)/enter_singlemap_mode" (minimum)",""meta mode/meta mode/global mode/level(0)/enter_singlemap_mode" (maximum)",""meta mode/meta mode/global mode/level(0)/leave_local_mode" (average)",""meta mode/meta mode/global mode/level(0)/leave_local_mode" (minimum)",""meta mode/meta mode/global mode/level(0)/leave_local_mode" (maximum)",""meta mode/meta mode/global mode/level(0)/leave_singlemap_mode" (average)",""meta mode/meta mode/global mode/level(0)/leave_singlemap_mode" (minimum)",""meta mode/meta mode/global mode/level(0)/leave_singlemap_mode" (maximum)",""meta mode/meta mode/leave_global_mode" (average)",""meta mode/meta mode/leave_global_mode" (minimum)",""meta mode/meta mode/leave_global_mode" (maximum)"
2,0.0015625,16.595027,16.595027,16.595027,0,0,0,0,0,0,0,0,0,0,0,0,0,0,0,0,0,0,0,0,0,0,0,0,0,0,0,0,0,0,0,0,0,0,0,0,0,0,0,0,0,0,0,0,0,0,0,0,0,0,0,0,0,0,0,0,0,0,0,0,0,0,0,0,0,0,0,0,0,0,0,0,0,0,0,0,0,0,0.000105,0.000105,0.000105,0.100012,0.100012,0.100012,1e-06,1e-06,1e-06,2.3e-05,2.3e-05,2.3e-05,8e-06,8e-06,8e-06,3e-06,3e-06,3e-06,1e-06,1e-06,1e-06,3e-06,3e-06,3e-06,2.4e-05,2.4e-05,2.4e-05,1e-06,1e-06,1e-06,1e-06,1e-06,1e-06,3e-06,3e-06,3e-06,2.6e-05,2.6e-05,2.6e-05,1e-06,1e-06,1e-06,4e-06,4e-06,4e-06,0,0,0,2e-06,2e-06,2e-06,2.9e-05,2.9e-05,2.9e-05,4e-06,4e-06,4e-06,4e-06,4e-06,4e-06,2e-06,2e-06,2e-06,3e-06,3e-06,3e-06,2e-06,2e-06,2e-06,5.1e-05,5.1e-05,5.1e-05,9.9e-05,9.9e-05,9.9e-05,1.6e-05,1.6e-05,1.6e-05,5.5e-05,5.5e-05,5.5e-05,1.1e-05,1.1e-05,1.1e-05,8e-06,8e-06,8e-06,0.000249,0.000249,0.000249,5.109885,5.109885,5.109885,7.1e-05,7.1e-05,7.1e-05,3.4e-05,3.4e-05,3.4e-05,9.2e-05,9.2e-05,9.2e-05,0.000216,0.000216,0.000216,0.00013,0.00013,0.00013,3.4e-05,3.4e-05,3.4e-05,3.8e-05,3.8e-05,3.8e-05,0.000153,0.000153,0.000153,1.2e-05,1.2e-05,1.2e-05,5.3e-05,5.3e-05,5.3e-05,3.9e-05,3.9e-05,3.9e-05,7.6e-05,7.6e-05,7.6e-05,9e-06,9e-06,9e-06,5e-05,5e-05,5e-05,1.9e-05,1.9e-05,1.9e-05,1.4e-05,1.4e-05,1.4e-05,1e-05,1e-05,1e-05,0.000143,0.000143,0.000143,3.1e-05,3.1e-05,3.1e-05,3.7e-05,3.7e-05,3.7e-05,7.1e-05,7.1e-05,7.1e-05,4.6e-05,4.6e-05,4.6e-05,4.3e-05,4.3e-05,4.3e-05,3.6e-05,3.6e-05,3.6e-05,7.8e-05,7.8e-05,7.8e-05,0.002462,0.002462,0.002462,2.8e-05,2.8e-05,2.8e-05,0.000776,0.000776,0.000776,0.000618,0.000618,0.000618,5.5e-05,5.5e-05,5.5e-05,0.002312,0.002312,0.002312,0.000423,0.000423,0.000423,0.000159,0.000159,0.000159,4.2e-05,4.2e-05,4.2e-05,2.4e-05,2.4e-05,2.4e-05,2.1e-05,2.1e-05,2.1e-05,5.9e-05,5.9e-05,5.9e-05,9.939118,9.939118,9.939118,0.000413,0.000413,0.000413,0.001469,0.001469,0.001469,0.000347,0.000347,0.000347,0.001455,0.001455,0.001455,2.9e-05,2.9e-05,2.9e-05,1.9e-05,1.9e-05,1.9e-05,2.6e-05,2.6e-05,2.6e-05,1.9e-05,1.9e-05,1.9e-05,0.034544,0.034544,0.034544,0.007448,0.007448,0.007448,3.5e-05,3.5e-05,3.5e-05,0.005402,0.005402,0.005402,0.001235,0.001235,0.001235,0.004232,0.004232,0.004232,3.7e-05,3.7e-05,3.7e-05,0.000151,0.000151,0.000151,0.013467,0.013467,0.013467,0.000191,0.000191,0.000191,3.3e-05,3.3e-05,3.3e-05,0.000162,0.000162,0.000162,0.00507,0.00507,0.00507,0.001479,0.001479,0.001479,0.023655,0.023655,0.023655,0.000122,0.000122,0.000122,0.001219,0.001219,0.001219,0.031415,0.031415,0.031415,6.5e-05,6.5e-05,6.5e-05,0.000551,0.000551,0.000551,0.000136,0.000136,0.000136,0.015086,0.015086,0.015086,0.000146,0.000146,0.000146,6.7e-05,6.7e-05,6.7e-05,5.9e-05,5.9e-05,5.9e-05,7.2e-05,7.2e-05,7.2e-05,4.4e-05,4.4e-05,4.4e-05,0.000104,0.000104,0.000104,0.014167,0.014167,0.014167,0.000729,0.000729,0.000729,0.001902,0.001902,0.001902,7.9e-05,7.9e-05,7.9e-05,0.000153,0.000153,0.000153,4.2e-05,4.2e-05,4.2e-05,4.8e-05,4.8e-05,4.8e-05,4.2e-05,4.2e-05,4.2e-05,2.6e-05,2.6e-05,2.6e-05,0.013525,0.013525,0.013525,0.010031,0.010031,0.010031,0.025009,0.025009,0.025009,0.041746,0.041746,0.041746,0.059426,0.059426,0.059426,0.066531,0.066531,0.066531,0.016136,0.016136,0.016136,9.3e-05,9.3e-05,9.3e-05,6.9e-05,6.9e-05,6.9e-05,0.016241,0.016241,0.016241,0.000335,0.000335,0.000335,0.038657,0.038657,0.038657,0.000537,0.000537,0.000537,9.5e-05,9.5e-05,9.5e-05,0.000279,0.000279,0.000279,0.016768,0.016768,0.016768,0.005381,0.005381,0.005381,0.097505,0.097505,0.097505,9.6e-05,9.6e-05,9.6e-05,0.00489700000000004,0.00489700000000004,0.00489700000000004,7.5e-05,7.5e-05,7.5e-05,5.1e-05,5.1e-05,5.1e-05,0.000109,0.000109,0.000109,2.9e-05,2.9e-05,2.9e-05,0.062287,0.062287,0.062287,0.000121,0.000121,0.000121,0.000726,0.000726,0.000726,9.1e-05,9.1e-05,9.1e-05,0.029262,0.029262,0.029262,0.000107,0.000107,0.000107,9.1e-05,9.1e-05,9.1e-05,3e-05,3e-05,3e-05,0,0,0,0.004147,0.004147,0.004147,4e-06,4e-06,4e-06,2e-05,2e-05,2e-05,2.9e-05,2.9e-05,2.9e-05,0.00352,0.00352,0.00352,0.003401,0.003401,0.003401,7.8e-05,7.8e-05,7.8e-05,0.001667,0.001667,0.001667,0.00015,0.00015,0.00015,1.5e-05,1.5e-05,1.5e-05,0.000149,0.000149,0.000149,1.7e-05,1.7e-05,1.7e-05,0.000146,0.000146,0.000146,2.2e-05,2.2e-05,2.2e-05,0.000173,0.000173,0.000173,1.2e-05,1.2e-05,1.2e-05,0.000754,0.000754,0.000754,0.000123,0.000123,0.000123,0.000149,0.000149,0.000149,2e-05,2e-05,2e-05,3.2e-05,3.2e-05,3.2e-05,1.8e-05,1.8e-05,1.8e-05,0.000365,0.000365,0.000365,0.000319,0.000319,0.000319,1.8e-05,1.8e-05,1.8e-05,1.6e-05,1.6e-05,1.6e-05,1.9e-05,1.9e-05,1.9e-05,1.5e-05,1.5e-05,1.5e-05,2e-05,2e-05,2e-05,1.6e-05,1.6e-05,1.6e-05,2.3e-05,2.3e-05,2.3e-05,5.1e-05,5.1e-05,5.1e-05,6.1e-05,6.1e-05,6.1e-05,0.000126,0.000126,0.000126,0.000312,0.000312,0.000312,2e-05,2e-05,2e-05,1e-06,1e-06,1e-06,0,0,0,1e-06,1e-06,1e-06,0.134422,0.134422,0.134422,0.009203,0.009203,0.009203,0.009202,0.009202,0.009202,0.009101,0.009101,0.009101,2e-06,2e-06,2e-06,2e-06,2e-06,2e-06,2e-06,2e-06,2e-06,0.009059,0.009059,0.009059,0.000144,0.000144,0.000144,0.000109,0.000109,0.000109,3.2e-05,3.2e-05,3.2e-05,1e-05,1e-05,1e-05,3e-06,3e-06,3e-06,8e-06,8e-06,8e-06,0.124944,0.124944,0.124944,0.124936,0.124936,0.124936,0.00059,0.00059,0.00059,0.000577,0.000577,0.000577,0.001964,0.001964,0.001964,0.001953,0.001953,0.001953,1.1e-05,1.1e-05,1.1e-05,1e-06,1e-06,1e-06,9e-06,9e-06,9e-06,0,0,0,0.006842,0.006842,0.006842,0.006835,0.006835,0.006835,0.017448,0.017448,0.017448,0.017439,0.017439,0.017439,1.2e-05,1.2e-05,1.2e-05,2e-06,2e-06,2e-06,1e-05,1e-05,1e-05,1e-06,1e-06,1e-06,0.005777,0.005777,0.005777,0.005768,0.005768,0.005768,1.3e-05,1.3e-05,1.3e-05,1e-06,1e-06,1e-06,0.092158,0.092158,0.092158,0.092151,0.092151,0.092151,0.530135,0.530135,0.530135,0.50682,0.50682,0.50682,0.506193,0.506193,0.506193,0.00059,0.00059,0.00059,5e-06,5e-06,5e-06,0.000445,0.000445,0.000445,1.2e-05,1.2e-05,1.2e-05,6.6e-05,6.6e-05,6.6e-05,2e-05,2e-05,2e-05,3.5e-05,3.5e-05,3.5e-05,1.4e-05,1.4e-05,1.4e-05,3.6e-05,3.6e-05,3.6e-05,1.5e-05,1.5e-05,1.5e-05,3.6e-05,3.6e-05,3.6e-05,1.3e-05,1.3e-05,1.3e-05,0.502529,0.502529,0.502529,4.7e-05,4.7e-05,4.7e-05,0.062221,0.062221,0.062221,4.6e-05,4.6e-05,4.6e-05,0.038034,0.038034,0.038034,2.7e-05,2.7e-05,2.7e-05,5.2e-05,5.2e-05,5.2e-05,0.00515,0.00515,0.00515,0.097327,0.097327,0.097327,0.016656,0.016656,0.016656,6.4e-05,6.4e-05,6.4e-05,0.000662,0.000662,0.000662,3.3e-05,3.3e-05,3.3e-05,0.029201,0.029201,0.029201,4.1e-05,4.1e-05,4.1e-05,0.015984,0.015984,0.015984,0.024792,0.024792,0.024792,0.041584,0.041584,0.041584,0.059267,0.059267,0.059267,0.066373,0.066373,0.066373,0.000123,0.000123,0.000123,0.015924,0.015924,0.015924,1.2e-05,1.2e-05,1.2e-05,5.6e-05,5.6e-05,5.6e-05,3e-05,3e-05,3e-05,1.5e-05,1.5e-05,1.5e-05,0.009782,0.009782,0.009782,0.013427,0.013427,0.013427,4.8e-05,4.8e-05,4.8e-05,4.1e-05,4.1e-05,4.1e-05,3.5e-05,3.5e-05,3.5e-05,3.5e-05,3.5e-05,3.5e-05,2.7e-05,2.7e-05,2.7e-05,1.3e-05,1.3e-05,1.3e-05,0.00478699999999999,0.00478699999999999,0.00478699999999999,0.00292,0.00292,0.00292,0.002844,0.002844,0.002844,0.002512,0.002512,0.002512,0.000632,0.000632,0.000632,0.001826,0.001826,0.001826,8e-06,8e-06,8e-06,2e-06,2e-06,2e-06,4.7e-05,4.7e-05,4.7e-05,0.02014,0.02014,0.02014,5.8e-05,5.8e-05,5.8e-05,1e-05,1e-05,1e-05,4e-06,4e-06,4e-06,4e-06,4e-06,4e-06,2e-06,2e-06,2e-06,1e-06,1e-06,1e-06,4e-06,4e-06,4e-06,1e-06,1e-06,1e-06,15.929182,15.929182,15.929182,0.650116,0.650116,0.650116,0.005251,0.005251,0.005251,0.005159,0.005159,0.005159,0.005094,0.005094,0.005094,1e-06,1e-06,1e-06,1e-06,1e-06,1e-06,1e-06,1e-06,1e-06,0.005058,0.005058,0.005058,6.7e-05,6.7e-05,6.7e-05,5e-05,5e-05,5e-05,1.6e-05,1.6e-05,1.6e-05,7e-06,7e-06,7e-06,0.644522,0.644522,0.644522,0.644513,0.644513,0.644513,0.000897,0.000897,0.000897,0.000887,0.000887,0.000887,0.002645,0.002645,0.002645,0.002632,0.002632,0.002632,1e-05,1e-05,1e-05,1e-06,1e-06,1e-06,9e-06,9e-06,9e-06,1e-06,1e-06,1e-06,0.006873,0.006873,0.006873,0.006859,0.006859,0.006859,0.275119,0.275119,0.275119,0.275107,0.275107,0.275107,1.3e-05,1.3e-05,1.3e-05,2e-06,2e-06,2e-06,1e-05,1e-05,1e-05,1e-06,1e-06,1e-06,0.263901,0.263901,0.263901,0.263891,0.263891,0.263891,1.2e-05,1.2e-05,1.2e-05,1e-06,1e-06,1e-06,0.094888,0.094888,0.094888,0.094877,0.094877,0.094877,10.165408,10.165408,10.165408,0.007318,0.007318,0.007318,0.007171,0.007171,0.007171,0.006784,0.006784,0.006784,1.6e-05,1.6e-05,1.6e-05,1.5e-05,1.5e-05,1.5e-05,2e-05,2e-05,2e-05,6e-06,6e-06,6e-06,2.7e-05,2.7e-05,2.7e-05,0.000567,0.000567,0.000567,0.000115,0.000115,0.000115,8e-06,8e-06,8e-06,0.000709,0.000709,0.000709,0.002267,0.002267,0.002267,0.000403,0.000403,0.000403,0.00243,0.00243,0.00243,4.9e-05,4.9e-05,4.9e-05,3e-06,3e-06,3e-06,6e-06,6e-06,6e-06,7e-06,7e-06,7e-06,4e-06,4e-06,4e-06,2e-06,2e-06,2e-06,2e-06,2e-06,2e-06,9.991713,9.991713,9.991713,9.9916,9.9916,9.9916,0.000127,0.000127,0.000127,1e-06,1e-06,1e-06,0.000106,0.000106,0.000106,4e-06,4e-06,4e-06,6e-06,6e-06,6e-06,2e-06,2e-06,2e-06,2e-06,2e-06,2e-06,1e-06,1e-06,1e-06,2e-06,2e-06,2e-06,1e-06,1e-06,1e-06,2e-06,2e-06,2e-06,1e-06,1e-06,1e-06,9.991021,9.991021,9.991021,0.000303,0.000303,0.000303,0.001417,0.001417,0.001417,0.000321,0.000321,0.000321,0.001427,0.001427,0.001427,5e-06,5e-06,5e-06,4e-06,4e-06,4e-06,8e-06,8e-06,8e-06,4e-06,4e-06,4e-06,0.034493,0.034493,0.034493,0.007397,0.007397,0.007397,0.005356,0.005356,0.005356,9.938913,9.938913,9.938913,2.3e-05,2.3e-05,2.3e-05,1.7e-05,1.7e-05,1.7e-05,0.001192,0.001192,0.001192,0.097366,0.097366,0.097366,0.097179,0.097179,0.097179,0.000224,0.000224,0.000224,3e-06,3e-06,3e-06,0.000179,0.000179,0.000179,6e-06,6e-06,6e-06,1.8e-05,1.8e-05,1.8e-05,5e-06,5e-06,5e-06,1e-05,1e-05,1e-05,4e-06,4e-06,4e-06,1.1e-05,1.1e-05,1.1e-05,5e-06,5e-06,5e-06,9e-06,9e-06,9e-06,6e-06,6e-06,6e-06,0.096341,0.096341,0.096341,2.4e-05,2.4e-05,2.4e-05,0.031371,0.031371,0.031371,2.3e-05,2.3e-05,2.3e-05,0.013255,0.013255,0.013255,7e-06,7e-06,7e-06,1.1e-05,1.1e-05,1.1e-05,2.2e-05,2.2e-05,2.2e-05,0.001411,0.001411,0.001411,0.023604,0.023604,0.023604,0.005034,0.005034,0.005034,0.000106,0.000106,0.000106,0.000516,0.000516,0.000516,0.000105,0.000105,0.000105,0.015047,0.015047,0.015047,0.00011,0.00011,0.00011,0.004176,0.004176,0.004176,0.000119,0.000119,0.000119,0.001185,0.001185,0.001185,6e-05,6e-05,6e-05,4e-06,4e-06,4e-06,2e-06,2e-06,2e-06,2e-06,2e-06,2e-06,0.06875,0.06875,0.06875,0.000152,0.000152,0.000152,7.7e-05,7.7e-05,7.7e-05,6e-05,6e-05,6e-05,4.5e-05,4.5e-05,4.5e-05,3.8e-05,3.8e-05,3.8e-05,3e-06,3e-06,3e-06,1e-06,1e-06,1e-06,5.112018,5.112018,5.112018,0.000471,0.000471,0.000471,0.000412,0.000412,0.000412,0.000373,0.000373,0.000373,2.1e-05,2.1e-05,2.1e-05,6.7e-05,6.7e-05,6.7e-05,1e-06,1e-06,1e-06,9e-06,9e-06,9e-06,4.2e-05,4.2e-05,4.2e-05,1e-06,1e-06,1e-06,0.000112,0.000112,0.000112,2.1e-05,2.1e-05,2.1e-05,6e-06,6e-06,6e-06,2.6e-05,2.6e-05,2.6e-05,5.111295,5.111295,5.111295,5.111183,5.111183,5.111183,5.110983,5.110983,5.110983,9.1e-05,9.1e-05,9.1e-05,7e-06,7e-06,7e-06,3e-06,3e-06,3e-06,3e-05,3e-05,3e-05,2e-06,2e-06,2e-06,0.000218,0.000218,0.000218,0.000102,0.000102,0.000102,0.000127,0.000127,0.000127,0.000152,0.000152,0.000152,5.109869,5.109869,5.109869,2.7e-05,2.7e-05,2.7e-05,2.4e-05,2.4e-05,2.4e-05,5.3e-05,5.3e-05,5.3e-05,2.6e-05,2.6e-05,2.6e-05,1.1e-05,1.1e-05,1.1e-05,2.5e-05,2.5e-05,2.5e-05,2e-06,2e-06,2e-06,8.4e-05,8.4e-05,8.4e-05,0.000167,0.000167,0.000167,0.000135,0.000135,0.000135,0.000105,0.000105,0.000105,7.2e-05,7.2e-05,7.2e-05,0,0,0,0,0,0,0.000563,0.000563,0.000563,16.590714,16.590714,16.590714,0.001113,0.001113,0.001113,0.000772,0.000772,0.000772,11.452524,11.452524,11.452524,0.015997,0.015997,0.015997,0.001251,0.001251,0.001251,0.003626,0.003626,0.003626,0.001287,0.001287,0.001287,0.000178,0.000178,0.000178
3,0.00234375,16.996381,16.996381,16.996381,0,0,0,0,0,0,0,0,0,0,0,0,0,0,0,0,0,0,0,0,0,0,0,0,0,0,0,0,0,0,0,0,0,0,0,0,0,0,0,0,0,0,0,0,0,0,0,0,0,0,0,0,0,0,0,0,0,0,0,0,0,0,0,0,0,0,0,0,0,0,0,0,0,0,0,0,0,0,0.000105,0.000105,0.000105,0.100012,0.100012,0.100012,1e-06,1e-06,1e-06,2.3e-05,2.3e-05,2.3e-05,8e-06,8e-06,8e-06,3e-06,3e-06,3e-06,1e-06,1e-06,1e-06,3e-06,3e-06,3e-06,2.4e-05,2.4e-05,2.4e-05,1e-06,1e-06,1e-06,1e-06,1e-06,1e-06,3e-06,3e-06,3e-06,2.6e-05,2.6e-05,2.6e-05,1e-06,1e-06,1e-06,4e-06,4e-06,4e-06,0,0,0,2e-06,2e-06,2e-06,2.9e-05,2.9e-05,2.9e-05,4e-06,4e-06,4e-06,4e-06,4e-06,4e-06,2e-06,2e-06,2e-06,3e-06,3e-06,3e-06,2e-06,2e-06,2e-06,5.1e-05,5.1e-05,5.1e-05,9.9e-05,9.9e-05,9.9e-05,1.6e-05,1.6e-05,1.6e-05,5.5e-05,5.5e-05,5.5e-05,1.1e-05,1.1e-05,1.1e-05,8e-06,8e-06,8e-06,0.000249,0.000249,0.000249,5.109885,5.109885,5.109885,7.1e-05,7.1e-05,7.1e-05,3.4e-05,3.4e-05,3.4e-05,9.2e-05,9.2e-05,9.2e-05,0.000216,0.000216,0.000216,0.00013,0.00013,0.00013,3.4e-05,3.4e-05,3.4e-05,3.8e-05,3.8e-05,3.8e-05,0.000153,0.000153,0.000153,1.2e-05,1.2e-05,1.2e-05,5.3e-05,5.3e-05,5.3e-05,3.9e-05,3.9e-05,3.9e-05,7.6e-05,7.6e-05,7.6e-05,9e-06,9e-06,9e-06,5e-05,5e-05,5e-05,1.9e-05,1.9e-05,1.9e-05,1.4e-05,1.4e-05,1.4e-05,1e-05,1e-05,1e-05,0.000143,0.000143,0.000143,3.1e-05,3.1e-05,3.1e-05,3.7e-05,3.7e-05,3.7e-05,7.1e-05,7.1e-05,7.1e-05,4.6e-05,4.6e-05,4.6e-05,4.3e-05,4.3e-05,4.3e-05,3.6e-05,3.6e-05,3.6e-05,7.8e-05,7.8e-05,7.8e-05,0.002462,0.002462,0.002462,2.8e-05,2.8e-05,2.8e-05,0.000776,0.000776,0.000776,0.000618,0.000618,0.000618,5.5e-05,5.5e-05,5.5e-05,0.002312,0.002312,0.002312,0.000423,0.000423,0.000423,0.000159,0.000159,0.000159,4.2e-05,4.2e-05,4.2e-05,2.4e-05,2.4e-05,2.4e-05,2.1e-05,2.1e-05,2.1e-05,5.9e-05,5.9e-05,5.9e-05,9.939118,9.939118,9.939118,0.000413,0.000413,0.000413,0.001469,0.001469,0.001469,0.000347,0.000347,0.000347,0.001455,0.001455,0.001455,2.9e-05,2.9e-05,2.9e-05,1.9e-05,1.9e-05,1.9e-05,2.6e-05,2.6e-05,2.6e-05,1.9e-05,1.9e-05,1.9e-05,0.034544,0.034544,0.034544,0.007448,0.007448,0.007448,3.5e-05,3.5e-05,3.5e-05,0.005402,0.005402,0.005402,0.001235,0.001235,0.001235,0.004232,0.004232,0.004232,3.7e-05,3.7e-05,3.7e-05,0.000151,0.000151,0.000151,0.013467,0.013467,0.013467,0.000191,0.000191,0.000191,3.3e-05,3.3e-05,3.3e-05,0.000162,0.000162,0.000162,0.00507,0.00507,0.00507,0.001479,0.001479,0.001479,0.023655,0.023655,0.023655,0.000122,0.000122,0.000122,0.001219,0.001219,0.001219,0.031415,0.031415,0.031415,6.5e-05,6.5e-05,6.5e-05,0.000551,0.000551,0.000551,0.000136,0.000136,0.000136,0.015086,0.015086,0.015086,0.000146,0.000146,0.000146,6.7e-05,6.7e-05,6.7e-05,5.9e-05,5.9e-05,5.9e-05,8.3e-05,8.3e-05,8.3e-05,5.4e-05,5.4e-05,5.4e-05,0.000131,0.000131,0.000131,0.022345,0.022345,0.022345,0.001087,0.001087,0.001087,0.002832,0.002832,0.002832,0.000114,0.000114,0.000114,0.000226,0.000226,0.000226,5.6e-05,5.6e-05,5.6e-05,6.2e-05,6.2e-05,6.2e-05,5.4e-05,5.4e-05,5.4e-05,3.7e-05,3.7e-05,3.7e-05,0.020235,0.020235,0.020235,0.015017,0.015017,0.015017,0.03735,0.03735,0.03735,0.062395,0.062395,0.062395,0.088751,0.088751,0.088751,0.09931,0.09931,0.09931,0.024067,0.024067,0.024067,0.000123,0.000123,0.000123,9.1e-05,9.1e-05,9.1e-05,0.024285,0.024285,0.024285,0.000449,0.000449,0.000449,0.058151,0.058151,0.058151,0.000817,0.000817,0.000817,0.000141,0.000141,0.000141,0.000412,0.000412,0.000412,0.024877,0.024877,0.024877,0.007918,0.007918,0.007918,0.146519,0.146519,0.146519,0.000141,0.000141,0.000141,0.00751500000000005,0.00751500000000005,0.00751500000000005,9.9e-05,9.9e-05,9.9e-05,6.2e-05,6.2e-05,6.2e-05,0.000152,0.000152,0.000152,4.1e-05,4.1e-05,4.1e-05,0.098209,0.098209,0.098209,0.000187,0.000187,0.000187,0.001113,0.001113,0.001113,0.000131,0.000131,0.000131,0.044165,0.044165,0.044165,0.000155,0.000155,0.000155,0.000123,0.000123,0.000123,4.1e-05,4.1e-05,4.1e-05,0,0,0,0.004147,0.004147,0.004147,4e-06,4e-06,4e-06,2e-05,2e-05,2e-05,2.9e-05,2.9e-05,2.9e-05,0.00352,0.00352,0.00352,0.003401,0.003401,0.003401,7.8e-05,7.8e-05,7.8e-05,0.001667,0.001667,0.001667,0.00015,0.00015,0.00015,1.5e-05,1.5e-05,1.5e-05,0.000149,0.000149,0.000149,1.7e-05,1.7e-05,1.7e-05,0.000146,0.000146,0.000146,2.2e-05,2.2e-05,2.2e-05,0.000173,0.000173,0.000173,1.2e-05,1.2e-05,1.2e-05,0.000754,0.000754,0.000754,0.000123,0.000123,0.000123,0.000149,0.000149,0.000149,2e-05,2e-05,2e-05,3.2e-05,3.2e-05,3.2e-05,1.8e-05,1.8e-05,1.8e-05,0.000365,0.000365,0.000365,0.000319,0.000319,0.000319,1.8e-05,1.8e-05,1.8e-05,1.6e-05,1.6e-05,1.6e-05,1.9e-05,1.9e-05,1.9e-05,1.5e-05,1.5e-05,1.5e-05,2e-05,2e-05,2e-05,1.6e-05,1.6e-05,1.6e-05,2.3e-05,2.3e-05,2.3e-05,5.1e-05,5.1e-05,5.1e-05,6.1e-05,6.1e-05,6.1e-05,0.000126,0.000126,0.000126,0.000312,0.000312,0.000312,2e-05,2e-05,2e-05,1e-06,1e-06,1e-06,0,0,0,2e-06,2e-06,2e-06,0.267348,0.267348,0.267348,0.017465,0.017465,0.017465,0.017423,0.017423,0.017423,0.017272,0.017272,0.017272,3e-06,3e-06,3e-06,3e-06,3e-06,3e-06,3e-06,3e-06,3e-06,0.01722,0.01722,0.01722,0.000191,0.000191,0.000191,0.000149,0.000149,0.000149,3.8e-05,3.8e-05,3.8e-05,1.2e-05,1.2e-05,1.2e-05,4e-06,4e-06,4e-06,1.2e-05,1.2e-05,1.2e-05,0.249408,0.249408,0.249408,0.249398,0.249398,0.249398,0.001167,0.001167,0.001167,0.00115,0.00115,0.00115,0.003911,0.003911,0.003911,0.003895,0.003895,0.003895,1.6e-05,1.6e-05,1.6e-05,2e-06,2e-06,2e-06,1.2e-05,1.2e-05,1.2e-05,1e-06,1e-06,1e-06,0.013644,0.013644,0.013644,0.013635,0.013635,0.013635,0.03496,0.03496,0.03496,0.034949,0.034949,0.034949,1.6e-05,1.6e-05,1.6e-05,3e-06,3e-06,3e-06,1.3e-05,1.3e-05,1.3e-05,2e-06,2e-06,2e-06,0.011527,0.011527,0.011527,0.011515,0.011515,0.011515,1.7e-05,1.7e-05,1.7e-05,3e-06,3e-06,3e-06,0.184002,0.184002,0.184002,0.183992,0.183992,0.183992,0.798487,0.798487,0.798487,0.763636,0.763636,0.763636,0.762814,0.762814,0.762814,0.000845,0.000845,0.000845,5e-06,5e-06,5e-06,0.000639,0.000639,0.000639,2.2e-05,2.2e-05,2.2e-05,0.0001,0.0001,0.0001,2.9e-05,2.9e-05,2.9e-05,5.3e-05,5.3e-05,5.3e-05,2e-05,2e-05,2e-05,5.4e-05,5.4e-05,5.4e-05,2.3e-05,2.3e-05,2.3e-05,5.2e-05,5.2e-05,5.2e-05,2e-05,2e-05,2e-05,0.757346,0.757346,0.757346,6.8e-05,6.8e-05,6.8e-05,0.098104,0.098104,0.098104,7.4e-05,7.4e-05,7.4e-05,0.057188,0.057188,0.057188,4.1e-05,4.1e-05,4.1e-05,7.7e-05,7.7e-05,7.7e-05,0.00758,0.00758,0.00758,0.146251,0.146251,0.146251,0.024716,0.024716,0.024716,9.9e-05,9.9e-05,9.9e-05,0.001023,0.001023,0.001023,4.9e-05,4.9e-05,4.9e-05,0.044078,0.044078,0.044078,6.2e-05,6.2e-05,6.2e-05,0.023915,0.023915,0.023915,0.037033,0.037033,0.037033,0.06216,0.06216,0.06216,0.088519,0.088519,0.088519,0.099082,0.099082,0.099082,0.00018,0.00018,0.00018,0.023759,0.023759,0.023759,1.7e-05,1.7e-05,1.7e-05,7.7e-05,7.7e-05,7.7e-05,3.7e-05,3.7e-05,3.7e-05,2.3e-05,2.3e-05,2.3e-05,0.014636,0.014636,0.014636,0.020091,0.020091,0.020091,6.3e-05,6.3e-05,6.3e-05,5.6e-05,5.6e-05,5.6e-05,4.6e-05,4.6e-05,4.6e-05,4.5e-05,4.5e-05,4.5e-05,3.4e-05,3.4e-05,3.4e-05,2.1e-05,2.1e-05,2.1e-05,0.007355,0.007355,0.007355,0.004334,0.004334,0.004334,0.004234,0.004234,0.004234,0.003744,0.003744,0.003744,0.000953,0.000953,0.000953,0.002723,0.002723,0.002723,1.2e-05,1.2e-05,1.2e-05,3e-06,3e-06,3e-06,6.9e-05,6.9e-05,6.9e-05,0.030177,0.030177,0.030177,7.2e-05,7.2e-05,7.2e-05,1.5e-05,1.5e-05,1.5e-05,6e-06,6e-06,6e-06,6e-06,6e-06,6e-06,2e-06,2e-06,2e-06,2e-06,2e-06,2e-06,5e-06,5e-06,5e-06,2e-06,2e-06,2e-06,15.929182,15.929182,15.929182,0.650116,0.650116,0.650116,0.005251,0.005251,0.005251,0.005159,0.005159,0.005159,0.005094,0.005094,0.005094,1e-06,1e-06,1e-06,1e-06,1e-06,1e-06,1e-06,1e-06,1e-06,0.005058,0.005058,0.005058,6.7e-05,6.7e-05,6.7e-05,5e-05,5e-05,5e-05,1.6e-05,1.6e-05,1.6e-05,7e-06,7e-06,7e-06,0.644522,0.644522,0.644522,0.644513,0.644513,0.644513,0.000897,0.000897,0.000897,0.000887,0.000887,0.000887,0.002645,0.002645,0.002645,0.002632,0.002632,0.002632,1e-05,1e-05,1e-05,1e-06,1e-06,1e-06,9e-06,9e-06,9e-06,1e-06,1e-06,1e-06,0.006873,0.006873,0.006873,0.006859,0.006859,0.006859,0.275119,0.275119,0.275119,0.275107,0.275107,0.275107,1.3e-05,1.3e-05,1.3e-05,2e-06,2e-06,2e-06,1e-05,1e-05,1e-05,1e-06,1e-06,1e-06,0.263901,0.263901,0.263901,0.263891,0.263891,0.263891,1.2e-05,1.2e-05,1.2e-05,1e-06,1e-06,1e-06,0.094888,0.094888,0.094888,0.094877,0.094877,0.094877,10.165408,10.165408,10.165408,0.007318,0.007318,0.007318,0.007171,0.007171,0.007171,0.006784,0.006784,0.006784,1.6e-05,1.6e-05,1.6e-05,1.5e-05,1.5e-05,1.5e-05,2e-05,2e-05,2e-05,6e-06,6e-06,6e-06,2.7e-05,2.7e-05,2.7e-05,0.000567,0.000567,0.000567,0.000115,0.000115,0.000115,8e-06,8e-06,8e-06,0.000709,0.000709,0.000709,0.002267,0.002267,0.002267,0.000403,0.000403,0.000403,0.00243,0.00243,0.00243,4.9e-05,4.9e-05,4.9e-05,3e-06,3e-06,3e-06,6e-06,6e-06,6e-06,7e-06,7e-06,7e-06,4e-06,4e-06,4e-06,2e-06,2e-06,2e-06,2e-06,2e-06,2e-06,9.991713,9.991713,9.991713,9.9916,9.9916,9.9916,0.000127,0.000127,0.000127,1e-06,1e-06,1e-06,0.000106,0.000106,0.000106,4e-06,4e-06,4e-06,6e-06,6e-06,6e-06,2e-06,2e-06,2e-06,2e-06,2e-06,2e-06,1e-06,1e-06,1e-06,2e-06,2e-06,2e-06,1e-06,1e-06,1e-06,2e-06,2e-06,2e-06,1e-06,1e-06,1e-06,9.991021,9.991021,9.991021,0.000303,0.000303,0.000303,0.001417,0.001417,0.001417,0.000321,0.000321,0.000321,0.001427,0.001427,0.001427,5e-06,5e-06,5e-06,4e-06,4e-06,4e-06,8e-06,8e-06,8e-06,4e-06,4e-06,4e-06,0.034493,0.034493,0.034493,0.007397,0.007397,0.007397,0.005356,0.005356,0.005356,9.938913,9.938913,9.938913,2.3e-05,2.3e-05,2.3e-05,1.7e-05,1.7e-05,1.7e-05,0.001192,0.001192,0.001192,0.097366,0.097366,0.097366,0.097179,0.097179,0.097179,0.000224,0.000224,0.000224,3e-06,3e-06,3e-06,0.000179,0.000179,0.000179,6e-06,6e-06,6e-06,1.8e-05,1.8e-05,1.8e-05,5e-06,5e-06,5e-06,1e-05,1e-05,1e-05,4e-06,4e-06,4e-06,1.1e-05,1.1e-05,1.1e-05,5e-06,5e-06,5e-06,9e-06,9e-06,9e-06,6e-06,6e-06,6e-06,0.096341,0.096341,0.096341,2.4e-05,2.4e-05,2.4e-05,0.031371,0.031371,0.031371,2.3e-05,2.3e-05,2.3e-05,0.013255,0.013255,0.013255,7e-06,7e-06,7e-06,1.1e-05,1.1e-05,1.1e-05,2.2e-05,2.2e-05,2.2e-05,0.001411,0.001411,0.001411,0.023604,0.023604,0.023604,0.005034,0.005034,0.005034,0.000106,0.000106,0.000106,0.000516,0.000516,0.000516,0.000105,0.000105,0.000105,0.015047,0.015047,0.015047,0.00011,0.00011,0.00011,0.004176,0.004176,0.004176,0.000119,0.000119,0.000119,0.001185,0.001185,0.001185,6e-05,6e-05,6e-05,4e-06,4e-06,4e-06,2e-06,2e-06,2e-06,2e-06,2e-06,2e-06,0.06875,0.06875,0.06875,0.000152,0.000152,0.000152,7.7e-05,7.7e-05,7.7e-05,6e-05,6e-05,6e-05,4.5e-05,4.5e-05,4.5e-05,3.8e-05,3.8e-05,3.8e-05,3e-06,3e-06,3e-06,1e-06,1e-06,1e-06,5.112018,5.112018,5.112018,0.000471,0.000471,0.000471,0.000412,0.000412,0.000412,0.000373,0.000373,0.000373,2.1e-05,2.1e-05,2.1e-05,6.7e-05,6.7e-05,6.7e-05,1e-06,1e-06,1e-06,9e-06,9e-06,9e-06,4.2e-05,4.2e-05,4.2e-05,1e-06,1e-06,1e-06,0.000112,0.000112,0.000112,2.1e-05,2.1e-05,2.1e-05,6e-06,6e-06,6e-06,2.6e-05,2.6e-05,2.6e-05,5.111295,5.111295,5.111295,5.111183,5.111183,5.111183,5.110983,5.110983,5.110983,9.1e-05,9.1e-05,9.1e-05,7e-06,7e-06,7e-06,3e-06,3e-06,3e-06,3e-05,3e-05,3e-05,2e-06,2e-06,2e-06,0.000218,0.000218,0.000218,0.000102,0.000102,0.000102,0.000127,0.000127,0.000127,0.000152,0.000152,0.000152,5.109869,5.109869,5.109869,2.7e-05,2.7e-05,2.7e-05,2.4e-05,2.4e-05,2.4e-05,5.3e-05,5.3e-05,5.3e-05,2.6e-05,2.6e-05,2.6e-05,1.1e-05,1.1e-05,1.1e-05,2.5e-05,2.5e-05,2.5e-05,2e-06,2e-06,2e-06,8.4e-05,8.4e-05,8.4e-05,0.000167,0.000167,0.000167,0.000135,0.000135,0.000135,0.000105,0.000105,0.000105,7.2e-05,7.2e-05,7.2e-05,0,0,0,0,0,0,0.0007,0.0007,0.0007,16.99184,16.99184,16.99184,0.001624,0.001624,0.001624,0.001128,0.001128,0.001128,11.840404,11.840404,11.840404,0.023204,0.023204,0.023204,0.001828,0.001828,0.001828,0.005247,0.005247,0.005247,0.001881,0.001881,0.001881,0.000223,0.000223,0.000223
4,0.003125,17.390308,17.390308,17.390308,0,0,0,0,0,0,0,0,0,0,0,0,0,0,0,0,0,0,0,0,0,0,0,0,0,0,0,0,0,0,0,0,0,0,0,0,0,0,0,0,0,0,0,0,0,0,0,0,0,0,0,0,0,0,0,0,0,0,0,0,0,0,0,0,0,0,0,0,0,0,0,0,0,0,0,0,0,0,0.000105,0.000105,0.000105,0.100012,0.100012,0.100012,1e-06,1e-06,1e-06,2.3e-05,2.3e-05,2.3e-05,8e-06,8e-06,8e-06,3e-06,3e-06,3e-06,1e-06,1e-06,1e-06,3e-06,3e-06,3e-06,2.4e-05,2.4e-05,2.4e-05,1e-06,1e-06,1e-06,1e-06,1e-06,1e-06,3e-06,3e-06,3e-06,2.6e-05,2.6e-05,2.6e-05,1e-06,1e-06,1e-06,4e-06,4e-06,4e-06,0,0,0,2e-06,2e-06,2e-06,2.9e-05,2.9e-05,2.9e-05,4e-06,4e-06,4e-06,4e-06,4e-06,4e-06,2e-06,2e-06,2e-06,3e-06,3e-06,3e-06,2e-06,2e-06,2e-06,5.1e-05,5.1e-05,5.1e-05,9.9e-05,9.9e-05,9.9e-05,1.6e-05,1.6e-05,1.6e-05,5.5e-05,5.5e-05,5.5e-05,1.1e-05,1.1e-05,1.1e-05,8e-06,8e-06,8e-06,0.000249,0.000249,0.000249,5.109885,5.109885,5.109885,7.1e-05,7.1e-05,7.1e-05,3.4e-05,3.4e-05,3.4e-05,9.2e-05,9.2e-05,9.2e-05,0.000216,0.000216,0.000216,0.00013,0.00013,0.00013,3.4e-05,3.4e-05,3.4e-05,3.8e-05,3.8e-05,3.8e-05,0.000153,0.000153,0.000153,1.2e-05,1.2e-05,1.2e-05,5.3e-05,5.3e-05,5.3e-05,3.9e-05,3.9e-05,3.9e-05,7.6e-05,7.6e-05,7.6e-05,9e-06,9e-06,9e-06,5e-05,5e-05,5e-05,1.9e-05,1.9e-05,1.9e-05,1.4e-05,1.4e-05,1.4e-05,1e-05,1e-05,1e-05,0.000143,0.000143,0.000143,3.1e-05,3.1e-05,3.1e-05,3.7e-05,3.7e-05,3.7e-05,7.1e-05,7.1e-05,7.1e-05,4.6e-05,4.6e-05,4.6e-05,4.3e-05,4.3e-05,4.3e-05,3.6e-05,3.6e-05,3.6e-05,7.8e-05,7.8e-05,7.8e-05,0.002462,0.002462,0.002462,2.8e-05,2.8e-05,2.8e-05,0.000776,0.000776,0.000776,0.000618,0.000618,0.000618,5.5e-05,5.5e-05,5.5e-05,0.002312,0.002312,0.002312,0.000423,0.000423,0.000423,0.000159,0.000159,0.000159,4.2e-05,4.2e-05,4.2e-05,2.4e-05,2.4e-05,2.4e-05,2.1e-05,2.1e-05,2.1e-05,5.9e-05,5.9e-05,5.9e-05,9.939118,9.939118,9.939118,0.000413,0.000413,0.000413,0.001469,0.001469,0.001469,0.000347,0.000347,0.000347,0.001455,0.001455,0.001455,2.9e-05,2.9e-05,2.9e-05,1.9e-05,1.9e-05,1.9e-05,2.6e-05,2.6e-05,2.6e-05,1.9e-05,1.9e-05,1.9e-05,0.034544,0.034544,0.034544,0.007448,0.007448,0.007448,3.5e-05,3.5e-05,3.5e-05,0.005402,0.005402,0.005402,0.001235,0.001235,0.001235,0.004232,0.004232,0.004232,3.7e-05,3.7e-05,3.7e-05,0.000151,0.000151,0.000151,0.013467,0.013467,0.013467,0.000191,0.000191,0.000191,3.3e-05,3.3e-05,3.3e-05,0.000162,0.000162,0.000162,0.00507,0.00507,0.00507,0.001479,0.001479,0.001479,0.023655,0.023655,0.023655,0.000122,0.000122,0.000122,0.001219,0.001219,0.001219,0.031415,0.031415,0.031415,6.5e-05,6.5e-05,6.5e-05,0.000551,0.000551,0.000551,0.000136,0.000136,0.000136,0.015086,0.015086,0.015086,0.000146,0.000146,0.000146,6.7e-05,6.7e-05,6.7e-05,5.9e-05,5.9e-05,5.9e-05,9.4e-05,9.4e-05,9.4e-05,6.4e-05,6.4e-05,6.4e-05,0.000158,0.000158,0.000158,0.029488,0.029488,0.029488,0.00143,0.00143,0.00143,0.003767,0.003767,0.003767,0.00015,0.00015,0.00015,0.000297,0.000297,0.000297,6.9e-05,6.9e-05,6.9e-05,7.6e-05,7.6e-05,7.6e-05,6.5e-05,6.5e-05,6.5e-05,4.7e-05,4.7e-05,4.7e-05,0.026962,0.026962,0.026962,0.020007,0.020007,0.020007,0.049677,0.049677,0.049677,0.083076,0.083076,0.083076,0.118128,0.118128,0.118128,0.132221,0.132221,0.132221,0.032,0.032,0.032,0.000155,0.000155,0.000155,0.000113,0.000113,0.000113,0.032357,0.032357,0.032357,0.000565,0.000565,0.000565,0.077462,0.077462,0.077462,0.00108,0.00108,0.00108,0.000184,0.000184,0.000184,0.000545,0.000545,0.000545,0.032893,0.032893,0.032893,0.010588,0.010588,0.010588,0.194258,0.194258,0.194258,0.000183,0.000183,0.000183,0.00996300000000006,0.00996300000000006,0.00996300000000006,0.000124,0.000124,0.000124,7.4e-05,7.4e-05,7.4e-05,0.000196,0.000196,0.000196,5.3e-05,5.3e-05,5.3e-05,0.129065,0.129065,0.129065,0.000246,0.000246,0.000246,0.001461,0.001461,0.001461,0.00017,0.00017,0.00017,0.058702,0.058702,0.058702,0.000203,0.000203,0.000203,0.000154,0.000154,0.000154,5.2e-05,5.2e-05,5.2e-05,0,0,0,0.004147,0.004147,0.004147,4e-06,4e-06,4e-06,2e-05,2e-05,2e-05,2.9e-05,2.9e-05,2.9e-05,0.00352,0.00352,0.00352,0.003401,0.003401,0.003401,7.8e-05,7.8e-05,7.8e-05,0.001667,0.001667,0.001667,0.00015,0.00015,0.00015,1.5e-05,1.5e-05,1.5e-05,0.000149,0.000149,0.000149,1.7e-05,1.7e-05,1.7e-05,0.000146,0.000146,0.000146,2.2e-05,2.2e-05,2.2e-05,0.000173,0.000173,0.000173,1.2e-05,1.2e-05,1.2e-05,0.000754,0.000754,0.000754,0.000123,0.000123,0.000123,0.000149,0.000149,0.000149,2e-05,2e-05,2e-05,3.2e-05,3.2e-05,3.2e-05,1.8e-05,1.8e-05,1.8e-05,0.000365,0.000365,0.000365,0.000319,0.000319,0.000319,1.8e-05,1.8e-05,1.8e-05,1.6e-05,1.6e-05,1.6e-05,1.9e-05,1.9e-05,1.9e-05,1.5e-05,1.5e-05,1.5e-05,2e-05,2e-05,2e-05,1.6e-05,1.6e-05,1.6e-05,2.3e-05,2.3e-05,2.3e-05,5.1e-05,5.1e-05,5.1e-05,6.1e-05,6.1e-05,6.1e-05,0.000126,0.000126,0.000126,0.000312,0.000312,0.000312,2e-05,2e-05,2e-05,1e-06,1e-06,1e-06,0,0,0,3e-06,3e-06,3e-06,0.399668,0.399668,0.399668,0.024691,0.024691,0.024691,0.02461,0.02461,0.02461,0.024408,0.024408,0.024408,4e-06,4e-06,4e-06,4e-06,4e-06,4e-06,4e-06,4e-06,4e-06,0.024346,0.024346,0.024346,0.00024,0.00024,0.00024,0.00019,0.00019,0.00019,4.4e-05,4.4e-05,4.4e-05,1.5e-05,1.5e-05,1.5e-05,5e-06,5e-06,5e-06,1.6e-05,1.6e-05,1.6e-05,0.374303,0.374303,0.374303,0.374291,0.374291,0.374291,0.00175,0.00175,0.00175,0.001727,0.001727,0.001727,0.005878,0.005878,0.005878,0.005858,0.005858,0.005858,2.1e-05,2.1e-05,2.1e-05,3e-06,3e-06,3e-06,1.5e-05,1.5e-05,1.5e-05,2e-06,2e-06,2e-06,0.020432,0.020432,0.020432,0.020422,0.020422,0.020422,0.05272,0.05272,0.05272,0.052706,0.052706,0.052706,2e-05,2e-05,2e-05,4e-06,4e-06,4e-06,1.6e-05,1.6e-05,1.6e-05,4e-06,4e-06,4e-06,0.01737,0.01737,0.01737,0.017355,0.017355,0.017355,2.1e-05,2.1e-05,2.1e-05,5e-06,5e-06,5e-06,0.275923,0.275923,0.275923,0.275911,0.275911,0.275911,1.060027,1.060027,1.060027,1.013617,1.013617,1.013617,1.012616,1.012616,1.012616,0.001098,0.001098,0.001098,1e-05,1e-05,1e-05,0.000831,0.000831,0.000831,3.2e-05,3.2e-05,3.2e-05,0.000131,0.000131,0.000131,4e-05,4e-05,4e-05,7e-05,7e-05,7e-05,2.7e-05,2.7e-05,2.7e-05,7.1e-05,7.1e-05,7.1e-05,3.1e-05,3.1e-05,3.1e-05,6.8e-05,6.8e-05,6.8e-05,2.6e-05,2.6e-05,2.6e-05,1.005388,1.005388,1.005388,9e-05,9e-05,9e-05,0.128932,0.128932,0.128932,9.7e-05,9.7e-05,9.7e-05,0.076192,0.076192,0.076192,5.4e-05,5.4e-05,5.4e-05,0.000102,0.000102,0.000102,0.01014,0.01014,0.01014,0.193905,0.193905,0.193905,0.032682,0.032682,0.032682,0.000131,0.000131,0.000131,0.001347,0.001347,0.001347,6.5e-05,6.5e-05,6.5e-05,0.058588,0.058588,0.058588,8.2e-05,8.2e-05,8.2e-05,0.03187,0.03187,0.03187,0.049258,0.049258,0.049258,0.082767,0.082767,0.082767,0.117821,0.117821,0.117821,0.13192,0.13192,0.13192,0.000239,0.000239,0.000239,0.031595,0.031595,0.031595,2.3e-05,2.3e-05,2.3e-05,9.6e-05,9.6e-05,9.6e-05,4.4e-05,4.4e-05,4.4e-05,3.2e-05,3.2e-05,3.2e-05,0.019509,0.019509,0.019509,0.026773,0.026773,0.026773,7.9e-05,7.9e-05,7.9e-05,7.2e-05,7.2e-05,7.2e-05,5.8e-05,5.8e-05,5.8e-05,5.5e-05,5.5e-05,5.5e-05,4.2e-05,4.2e-05,4.2e-05,2.8e-05,2.8e-05,2.8e-05,0.00975199999999998,0.00975199999999998,0.00975199999999998,0.005738,0.005738,0.005738,0.005615,0.005615,0.005615,0.004963,0.004963,0.004963,0.001257,0.001257,0.001257,0.003625,0.003625,0.003625,1.7e-05,1.7e-05,1.7e-05,4e-06,4e-06,4e-06,9.1e-05,9.1e-05,9.1e-05,0.04024,0.04024,0.04024,8.8e-05,8.8e-05,8.8e-05,2.2e-05,2.2e-05,2.2e-05,8e-06,8e-06,8e-06,8e-06,8e-06,8e-06,3e-06,3e-06,3e-06,3e-06,3e-06,3e-06,7e-06,7e-06,7e-06,2e-06,2e-06,2e-06,15.929182,15.929182,15.929182,0.650116,0.650116,0.650116,0.005251,0.005251,0.005251,0.005159,0.005159,0.005159,0.005094,0.005094,0.005094,1e-06,1e-06,1e-06,1e-06,1e-06,1e-06,1e-06,1e-06,1e-06,0.005058,0.005058,0.005058,6.7e-05,6.7e-05,6.7e-05,5e-05,5e-05,5e-05,1.6e-05,1.6e-05,1.6e-05,7e-06,7e-06,7e-06,0.644522,0.644522,0.644522,0.644513,0.644513,0.644513,0.000897,0.000897,0.000897,0.000887,0.000887,0.000887,0.002645,0.002645,0.002645,0.002632,0.002632,0.002632,1e-05,1e-05,1e-05,1e-06,1e-06,1e-06,9e-06,9e-06,9e-06,1e-06,1e-06,1e-06,0.006873,0.006873,0.006873,0.006859,0.006859,0.006859,0.275119,0.275119,0.275119,0.275107,0.275107,0.275107,1.3e-05,1.3e-05,1.3e-05,2e-06,2e-06,2e-06,1e-05,1e-05,1e-05,1e-06,1e-06,1e-06,0.263901,0.263901,0.263901,0.263891,0.263891,0.263891,1.2e-05,1.2e-05,1.2e-05,1e-06,1e-06,1e-06,0.094888,0.094888,0.094888,0.094877,0.094877,0.094877,10.165408,10.165408,10.165408,0.007318,0.007318,0.007318,0.007171,0.007171,0.007171,0.006784,0.006784,0.006784,1.6e-05,1.6e-05,1.6e-05,1.5e-05,1.5e-05,1.5e-05,2e-05,2e-05,2e-05,6e-06,6e-06,6e-06,2.7e-05,2.7e-05,2.7e-05,0.000567,0.000567,0.000567,0.000115,0.000115,0.000115,8e-06,8e-06,8e-06,0.000709,0.000709,0.000709,0.002267,0.002267,0.002267,0.000403,0.000403,0.000403,0.00243,0.00243,0.00243,4.9e-05,4.9e-05,4.9e-05,3e-06,3e-06,3e-06,6e-06,6e-06,6e-06,7e-06,7e-06,7e-06,4e-06,4e-06,4e-06,2e-06,2e-06,2e-06,2e-06,2e-06,2e-06,9.991713,9.991713,9.991713,9.9916,9.9916,9.9916,0.000127,0.000127,0.000127,1e-06,1e-06,1e-06,0.000106,0.000106,0.000106,4e-06,4e-06,4e-06,6e-06,6e-06,6e-06,2e-06,2e-06,2e-06,2e-06,2e-06,2e-06,1e-06,1e-06,1e-06,2e-06,2e-06,2e-06,1e-06,1e-06,1e-06,2e-06,2e-06,2e-06,1e-06,1e-06,1e-06,9.991021,9.991021,9.991021,0.000303,0.000303,0.000303,0.001417,0.001417,0.001417,0.000321,0.000321,0.000321,0.001427,0.001427,0.001427,5e-06,5e-06,5e-06,4e-06,4e-06,4e-06,8e-06,8e-06,8e-06,4e-06,4e-06,4e-06,0.034493,0.034493,0.034493,0.007397,0.007397,0.007397,0.005356,0.005356,0.005356,9.938913,9.938913,9.938913,2.3e-05,2.3e-05,2.3e-05,1.7e-05,1.7e-05,1.7e-05,0.001192,0.001192,0.001192,0.097366,0.097366,0.097366,0.097179,0.097179,0.097179,0.000224,0.000224,0.000224,3e-06,3e-06,3e-06,0.000179,0.000179,0.000179,6e-06,6e-06,6e-06,1.8e-05,1.8e-05,1.8e-05,5e-06,5e-06,5e-06,1e-05,1e-05,1e-05,4e-06,4e-06,4e-06,1.1e-05,1.1e-05,1.1e-05,5e-06,5e-06,5e-06,9e-06,9e-06,9e-06,6e-06,6e-06,6e-06,0.096341,0.096341,0.096341,2.4e-05,2.4e-05,2.4e-05,0.031371,0.031371,0.031371,2.3e-05,2.3e-05,2.3e-05,0.013255,0.013255,0.013255,7e-06,7e-06,7e-06,1.1e-05,1.1e-05,1.1e-05,2.2e-05,2.2e-05,2.2e-05,0.001411,0.001411,0.001411,0.023604,0.023604,0.023604,0.005034,0.005034,0.005034,0.000106,0.000106,0.000106,0.000516,0.000516,0.000516,0.000105,0.000105,0.000105,0.015047,0.015047,0.015047,0.00011,0.00011,0.00011,0.004176,0.004176,0.004176,0.000119,0.000119,0.000119,0.001185,0.001185,0.001185,6e-05,6e-05,6e-05,4e-06,4e-06,4e-06,2e-06,2e-06,2e-06,2e-06,2e-06,2e-06,0.06875,0.06875,0.06875,0.000152,0.000152,0.000152,7.7e-05,7.7e-05,7.7e-05,6e-05,6e-05,6e-05,4.5e-05,4.5e-05,4.5e-05,3.8e-05,3.8e-05,3.8e-05,3e-06,3e-06,3e-06,1e-06,1e-06,1e-06,5.112018,5.112018,5.112018,0.000471,0.000471,0.000471,0.000412,0.000412,0.000412,0.000373,0.000373,0.000373,2.1e-05,2.1e-05,2.1e-05,6.7e-05,6.7e-05,6.7e-05,1e-06,1e-06,1e-06,9e-06,9e-06,9e-06,4.2e-05,4.2e-05,4.2e-05,1e-06,1e-06,1e-06,0.000112,0.000112,0.000112,2.1e-05,2.1e-05,2.1e-05,6e-06,6e-06,6e-06,2.6e-05,2.6e-05,2.6e-05,5.111295,5.111295,5.111295,5.111183,5.111183,5.111183,5.110983,5.110983,5.110983,9.1e-05,9.1e-05,9.1e-05,7e-06,7e-06,7e-06,3e-06,3e-06,3e-06,3e-05,3e-05,3e-05,2e-06,2e-06,2e-06,0.000218,0.000218,0.000218,0.000102,0.000102,0.000102,0.000127,0.000127,0.000127,0.000152,0.000152,0.000152,5.109869,5.109869,5.109869,2.7e-05,2.7e-05,2.7e-05,2.4e-05,2.4e-05,2.4e-05,5.3e-05,5.3e-05,5.3e-05,2.6e-05,2.6e-05,2.6e-05,1.1e-05,1.1e-05,1.1e-05,2.5e-05,2.5e-05,2.5e-05,2e-06,2e-06,2e-06,8.4e-05,8.4e-05,8.4e-05,0.000167,0.000167,0.000167,0.000135,0.000135,0.000135,0.000105,0.000105,0.000105,7.2e-05,7.2e-05,7.2e-05,0,0,0,0,0,0,0.000836,0.000836,0.000836,17.385547,17.385547,17.385547,0.002138,0.002138,0.002138,0.001489,0.001489,0.001489,12.221844,12.221844,12.221844,0.03036,0.03036,0.03036,0.002378,0.002378,0.002378,0.006849,0.006849,0.006849,0.002457,0.002457,0.002457,0.000275,0.000275,0.000275
5,0.00390625,17.784279,17.784279,17.784279,0,0,0,0,0,0,0,0,0,0,0,0,0,0,0,0,0,0,0,0,0,0,0,0,0,0,0,0,0,0,0,0,0,0,0,0,0,0,0,0,0,0,0,0,0,0,0,0,0,0,0,0,0,0,0,0,0,0,0,0,0,0,0,0,0,0,0,0,0,0,0,0,0,0,0,0,0,0,0.000105,0.000105,0.000105,0.100012,0.100012,0.100012,1e-06,1e-06,1e-06,2.3e-05,2.3e-05,2.3e-05,8e-06,8e-06,8e-06,3e-06,3e-06,3e-06,1e-06,1e-06,1e-06,3e-06,3e-06,3e-06,2.4e-05,2.4e-05,2.4e-05,1e-06,1e-06,1e-06,1e-06,1e-06,1e-06,3e-06,3e-06,3e-06,2.6e-05,2.6e-05,2.6e-05,1e-06,1e-06,1e-06,4e-06,4e-06,4e-06,0,0,0,2e-06,2e-06,2e-06,2.9e-05,2.9e-05,2.9e-05,4e-06,4e-06,4e-06,4e-06,4e-06,4e-06,2e-06,2e-06,2e-06,3e-06,3e-06,3e-06,2e-06,2e-06,2e-06,5.1e-05,5.1e-05,5.1e-05,9.9e-05,9.9e-05,9.9e-05,1.6e-05,1.6e-05,1.6e-05,5.5e-05,5.5e-05,5.5e-05,1.1e-05,1.1e-05,1.1e-05,8e-06,8e-06,8e-06,0.000249,0.000249,0.000249,5.109885,5.109885,5.109885,7.1e-05,7.1e-05,7.1e-05,3.4e-05,3.4e-05,3.4e-05,9.2e-05,9.2e-05,9.2e-05,0.000216,0.000216,0.000216,0.00013,0.00013,0.00013,3.4e-05,3.4e-05,3.4e-05,3.8e-05,3.8e-05,3.8e-05,0.000153,0.000153,0.000153,1.2e-05,1.2e-05,1.2e-05,5.3e-05,5.3e-05,5.3e-05,3.9e-05,3.9e-05,3.9e-05,7.6e-05,7.6e-05,7.6e-05,9e-06,9e-06,9e-06,5e-05,5e-05,5e-05,1.9e-05,1.9e-05,1.9e-05,1.4e-05,1.4e-05,1.4e-05,1e-05,1e-05,1e-05,0.000143,0.000143,0.000143,3.1e-05,3.1e-05,3.1e-05,3.7e-05,3.7e-05,3.7e-05,7.1e-05,7.1e-05,7.1e-05,4.6e-05,4.6e-05,4.6e-05,4.3e-05,4.3e-05,4.3e-05,3.6e-05,3.6e-05,3.6e-05,7.8e-05,7.8e-05,7.8e-05,0.002462,0.002462,0.002462,2.8e-05,2.8e-05,2.8e-05,0.000776,0.000776,0.000776,0.000618,0.000618,0.000618,5.5e-05,5.5e-05,5.5e-05,0.002312,0.002312,0.002312,0.000423,0.000423,0.000423,0.000159,0.000159,0.000159,4.2e-05,4.2e-05,4.2e-05,2.4e-05,2.4e-05,2.4e-05,2.1e-05,2.1e-05,2.1e-05,5.9e-05,5.9e-05,5.9e-05,9.939118,9.939118,9.939118,0.000413,0.000413,0.000413,0.001469,0.001469,0.001469,0.000347,0.000347,0.000347,0.001455,0.001455,0.001455,2.9e-05,2.9e-05,2.9e-05,1.9e-05,1.9e-05,1.9e-05,2.6e-05,2.6e-05,2.6e-05,1.9e-05,1.9e-05,1.9e-05,0.034544,0.034544,0.034544,0.007448,0.007448,0.007448,3.5e-05,3.5e-05,3.5e-05,0.005402,0.005402,0.005402,0.001235,0.001235,0.001235,0.004232,0.004232,0.004232,3.7e-05,3.7e-05,3.7e-05,0.000151,0.000151,0.000151,0.013467,0.013467,0.013467,0.000191,0.000191,0.000191,3.3e-05,3.3e-05,3.3e-05,0.000162,0.000162,0.000162,0.00507,0.00507,0.00507,0.001479,0.001479,0.001479,0.023655,0.023655,0.023655,0.000122,0.000122,0.000122,0.001219,0.001219,0.001219,0.031415,0.031415,0.031415,6.5e-05,6.5e-05,6.5e-05,0.000551,0.000551,0.000551,0.000136,0.000136,0.000136,0.015086,0.015086,0.015086,0.000146,0.000146,0.000146,6.7e-05,6.7e-05,6.7e-05,5.9e-05,5.9e-05,5.9e-05,0.000105,0.000105,0.000105,7.4e-05,7.4e-05,7.4e-05,0.000186,0.000186,0.000186,0.036707,0.036707,0.036707,0.001784,0.001784,0.001784,0.004702,0.004702,0.004702,0.000185,0.000185,0.000185,0.000369,0.000369,0.000369,8.2e-05,8.2e-05,8.2e-05,9e-05,9e-05,9e-05,7.6e-05,7.6e-05,7.6e-05,5.7e-05,5.7e-05,5.7e-05,0.0337,0.0337,0.0337,0.025001,0.025001,0.025001,0.062004,0.062004,0.062004,0.10365,0.10365,0.10365,0.147295,0.147295,0.147295,0.164982,0.164982,0.164982,0.039852,0.039852,0.039852,0.000185,0.000185,0.000185,0.000137,0.000137,0.000137,0.040407,0.040407,0.040407,0.000679,0.000679,0.000679,0.096816,0.096816,0.096816,0.001339,0.001339,0.001339,0.000228,0.000228,0.000228,0.000676,0.000676,0.000676,0.041202,0.041202,0.041202,0.013248,0.013248,0.013248,0.242388,0.242388,0.242388,0.000225,0.000225,0.000225,0.012441,0.012441,0.012441,0.00015,0.00015,0.00015,8.6e-05,8.6e-05,8.6e-05,0.00024,0.00024,0.00024,6.6e-05,6.6e-05,6.6e-05,0.16001,0.16001,0.16001,0.000304,0.000304,0.000304,0.00181,0.00181,0.00181,0.00021,0.00021,0.00021,0.073317,0.073317,0.073317,0.000251,0.000251,0.000251,0.000186,0.000186,0.000186,6.3e-05,6.3e-05,6.3e-05,0,0,0,0.004147,0.004147,0.004147,4e-06,4e-06,4e-06,2e-05,2e-05,2e-05,2.9e-05,2.9e-05,2.9e-05,0.00352,0.00352,0.00352,0.003401,0.003401,0.003401,7.8e-05,7.8e-05,7.8e-05,0.001667,0.001667,0.001667,0.00015,0.00015,0.00015,1.5e-05,1.5e-05,1.5e-05,0.000149,0.000149,0.000149,1.7e-05,1.7e-05,1.7e-05,0.000146,0.000146,0.000146,2.2e-05,2.2e-05,2.2e-05,0.000173,0.000173,0.000173,1.2e-05,1.2e-05,1.2e-05,0.000754,0.000754,0.000754,0.000123,0.000123,0.000123,0.000149,0.000149,0.000149,2e-05,2e-05,2e-05,3.2e-05,3.2e-05,3.2e-05,1.8e-05,1.8e-05,1.8e-05,0.000365,0.000365,0.000365,0.000319,0.000319,0.000319,1.8e-05,1.8e-05,1.8e-05,1.6e-05,1.6e-05,1.6e-05,1.9e-05,1.9e-05,1.9e-05,1.5e-05,1.5e-05,1.5e-05,2e-05,2e-05,2e-05,1.6e-05,1.6e-05,1.6e-05,2.3e-05,2.3e-05,2.3e-05,5.1e-05,5.1e-05,5.1e-05,6.1e-05,6.1e-05,6.1e-05,0.000126,0.000126,0.000126,0.000312,0.000312,0.000312,2e-05,2e-05,2e-05,1e-06,1e-06,1e-06,0,0,0,4e-06,4e-06,4e-06,0.531706,0.531706,0.531706,0.031993,0.031993,0.031993,0.031871,0.031871,0.031871,0.031619,0.031619,0.031619,5e-06,5e-06,5e-06,5e-06,5e-06,5e-06,5e-06,5e-06,5e-06,0.031547,0.031547,0.031547,0.000288,0.000288,0.000288,0.00023,0.00023,0.00023,5e-05,5e-05,5e-05,1.7e-05,1.7e-05,1.7e-05,6e-06,6e-06,6e-06,2e-05,2e-05,2e-05,0.49884,0.49884,0.49884,0.498826,0.498826,0.498826,0.002346,0.002346,0.002346,0.002318,0.002318,0.002318,0.007835,0.007835,0.007835,0.00781,0.00781,0.00781,2.5e-05,2.5e-05,2.5e-05,4e-06,4e-06,4e-06,1.8e-05,1.8e-05,1.8e-05,3e-06,3e-06,3e-06,0.027251,0.027251,0.027251,0.027239,0.027239,0.027239,0.069951,0.069951,0.069951,0.069934,0.069934,0.069934,2.5e-05,2.5e-05,2.5e-05,5e-06,5e-06,5e-06,2e-05,2e-05,2e-05,5e-06,5e-06,5e-06,0.023229,0.023229,0.023229,0.02321,0.02321,0.02321,2.5e-05,2.5e-05,2.5e-05,7e-06,7e-06,7e-06,0.367965,0.367965,0.367965,0.367951,0.367951,0.367951,1.321897,1.321897,1.321897,1.263953,1.263953,1.263953,1.262763,1.262763,1.262763,0.001351,0.001351,0.001351,1.3e-05,1.3e-05,1.3e-05,0.001025,0.001025,0.001025,4.1e-05,4.1e-05,4.1e-05,0.000163,0.000163,0.000163,4.6e-05,4.6e-05,4.6e-05,8.8e-05,8.8e-05,8.8e-05,3.2e-05,3.2e-05,3.2e-05,8.8e-05,8.8e-05,8.8e-05,4.1e-05,4.1e-05,4.1e-05,8.7e-05,8.7e-05,8.7e-05,3.2e-05,3.2e-05,3.2e-05,1.25379,1.25379,1.25379,0.000112,0.000112,0.000112,0.159849,0.159849,0.159849,0.000119,0.000119,0.000119,0.095255,0.095255,0.095255,6.8e-05,6.8e-05,6.8e-05,0.000127,0.000127,0.000127,0.012689,0.012689,0.012689,0.24195,0.24195,0.24195,0.040942,0.040942,0.040942,0.000163,0.000163,0.000163,0.001672,0.001672,0.001672,8e-05,8e-05,8e-05,0.073178,0.073178,0.073178,0.000102,0.000102,0.000102,0.039803,0.039803,0.039803,0.061483,0.061483,0.061483,0.103268,0.103268,0.103268,0.146915,0.146915,0.146915,0.164609,0.164609,0.164609,0.000295,0.000295,0.000295,0.039352,0.039352,0.039352,2.8e-05,2.8e-05,2.8e-05,0.000116,0.000116,0.000116,5.2e-05,5.2e-05,5.2e-05,4e-05,4e-05,4e-05,0.024381,0.024381,0.024381,0.033466,0.033466,0.033466,9.6e-05,9.6e-05,9.6e-05,8.7e-05,8.7e-05,8.7e-05,6.9e-05,6.9e-05,6.9e-05,6.5e-05,6.5e-05,6.5e-05,4.9e-05,4.9e-05,4.9e-05,3.5e-05,3.5e-05,3.5e-05,0.012172,0.012172,0.012172,0.00715,0.00715,0.00715,0.007006,0.007006,0.007006,0.006193,0.006193,0.006193,0.001571,0.001571,0.001571,0.004526,0.004526,0.004526,2.2e-05,2.2e-05,2.2e-05,5e-06,5e-06,5e-06,0.000114,0.000114,0.000114,0.050277,0.050277,0.050277,0.000102,0.000102,0.000102,2.7e-05,2.7e-05,2.7e-05,9e-06,9e-06,9e-06,9e-06,9e-06,9e-06,4e-06,4e-06,4e-06,3e-06,3e-06,3e-06,8e-06,8e-06,8e-06,2e-06,2e-06,2e-06,15.929182,15.929182,15.929182,0.650116,0.650116,0.650116,0.005251,0.005251,0.005251,0.005159,0.005159,0.005159,0.005094,0.005094,0.005094,1e-06,1e-06,1e-06,1e-06,1e-06,1e-06,1e-06,1e-06,1e-06,0.005058,0.005058,0.005058,6.7e-05,6.7e-05,6.7e-05,5e-05,5e-05,5e-05,1.6e-05,1.6e-05,1.6e-05,7e-06,7e-06,7e-06,0.644522,0.644522,0.644522,0.644513,0.644513,0.644513,0.000897,0.000897,0.000897,0.000887,0.000887,0.000887,0.002645,0.002645,0.002645,0.002632,0.002632,0.002632,1e-05,1e-05,1e-05,1e-06,1e-06,1e-06,9e-06,9e-06,9e-06,1e-06,1e-06,1e-06,0.006873,0.006873,0.006873,0.006859,0.006859,0.006859,0.275119,0.275119,0.275119,0.275107,0.275107,0.275107,1.3e-05,1.3e-05,1.3e-05,2e-06,2e-06,2e-06,1e-05,1e-05,1e-05,1e-06,1e-06,1e-06,0.263901,0.263901,0.263901,0.263891,0.263891,0.263891,1.2e-05,1.2e-05,1.2e-05,1e-06,1e-06,1e-06,0.094888,0.094888,0.094888,0.094877,0.094877,0.094877,10.165408,10.165408,10.165408,0.007318,0.007318,0.007318,0.007171,0.007171,0.007171,0.006784,0.006784,0.006784,1.6e-05,1.6e-05,1.6e-05,1.5e-05,1.5e-05,1.5e-05,2e-05,2e-05,2e-05,6e-06,6e-06,6e-06,2.7e-05,2.7e-05,2.7e-05,0.000567,0.000567,0.000567,0.000115,0.000115,0.000115,8e-06,8e-06,8e-06,0.000709,0.000709,0.000709,0.002267,0.002267,0.002267,0.000403,0.000403,0.000403,0.00243,0.00243,0.00243,4.9e-05,4.9e-05,4.9e-05,3e-06,3e-06,3e-06,6e-06,6e-06,6e-06,7e-06,7e-06,7e-06,4e-06,4e-06,4e-06,2e-06,2e-06,2e-06,2e-06,2e-06,2e-06,9.991713,9.991713,9.991713,9.9916,9.9916,9.9916,0.000127,0.000127,0.000127,1e-06,1e-06,1e-06,0.000106,0.000106,0.000106,4e-06,4e-06,4e-06,6e-06,6e-06,6e-06,2e-06,2e-06,2e-06,2e-06,2e-06,2e-06,1e-06,1e-06,1e-06,2e-06,2e-06,2e-06,1e-06,1e-06,1e-06,2e-06,2e-06,2e-06,1e-06,1e-06,1e-06,9.991021,9.991021,9.991021,0.000303,0.000303,0.000303,0.001417,0.001417,0.001417,0.000321,0.000321,0.000321,0.001427,0.001427,0.001427,5e-06,5e-06,5e-06,4e-06,4e-06,4e-06,8e-06,8e-06,8e-06,4e-06,4e-06,4e-06,0.034493,0.034493,0.034493,0.007397,0.007397,0.007397,0.005356,0.005356,0.005356,9.938913,9.938913,9.938913,2.3e-05,2.3e-05,2.3e-05,1.7e-05,1.7e-05,1.7e-05,0.001192,0.001192,0.001192,0.097366,0.097366,0.097366,0.097179,0.097179,0.097179,0.000224,0.000224,0.000224,3e-06,3e-06,3e-06,0.000179,0.000179,0.000179,6e-06,6e-06,6e-06,1.8e-05,1.8e-05,1.8e-05,5e-06,5e-06,5e-06,1e-05,1e-05,1e-05,4e-06,4e-06,4e-06,1.1e-05,1.1e-05,1.1e-05,5e-06,5e-06,5e-06,9e-06,9e-06,9e-06,6e-06,6e-06,6e-06,0.096341,0.096341,0.096341,2.4e-05,2.4e-05,2.4e-05,0.031371,0.031371,0.031371,2.3e-05,2.3e-05,2.3e-05,0.013255,0.013255,0.013255,7e-06,7e-06,7e-06,1.1e-05,1.1e-05,1.1e-05,2.2e-05,2.2e-05,2.2e-05,0.001411,0.001411,0.001411,0.023604,0.023604,0.023604,0.005034,0.005034,0.005034,0.000106,0.000106,0.000106,0.000516,0.000516,0.000516,0.000105,0.000105,0.000105,0.015047,0.015047,0.015047,0.00011,0.00011,0.00011,0.004176,0.004176,0.004176,0.000119,0.000119,0.000119,0.001185,0.001185,0.001185,6e-05,6e-05,6e-05,4e-06,4e-06,4e-06,2e-06,2e-06,2e-06,2e-06,2e-06,2e-06,0.06875,0.06875,0.06875,0.000152,0.000152,0.000152,7.7e-05,7.7e-05,7.7e-05,6e-05,6e-05,6e-05,4.5e-05,4.5e-05,4.5e-05,3.8e-05,3.8e-05,3.8e-05,3e-06,3e-06,3e-06,1e-06,1e-06,1e-06,5.112018,5.112018,5.112018,0.000471,0.000471,0.000471,0.000412,0.000412,0.000412,0.000373,0.000373,0.000373,2.1e-05,2.1e-05,2.1e-05,6.7e-05,6.7e-05,6.7e-05,1e-06,1e-06,1e-06,9e-06,9e-06,9e-06,4.2e-05,4.2e-05,4.2e-05,1e-06,1e-06,1e-06,0.000112,0.000112,0.000112,2.1e-05,2.1e-05,2.1e-05,6e-06,6e-06,6e-06,2.6e-05,2.6e-05,2.6e-05,5.111295,5.111295,5.111295,5.111183,5.111183,5.111183,5.110983,5.110983,5.110983,9.1e-05,9.1e-05,9.1e-05,7e-06,7e-06,7e-06,3e-06,3e-06,3e-06,3e-05,3e-05,3e-05,2e-06,2e-06,2e-06,0.000218,0.000218,0.000218,0.000102,0.000102,0.000102,0.000127,0.000127,0.000127,0.000152,0.000152,0.000152,5.109869,5.109869,5.109869,2.7e-05,2.7e-05,2.7e-05,2.4e-05,2.4e-05,2.4e-05,5.3e-05,5.3e-05,5.3e-05,2.6e-05,2.6e-05,2.6e-05,1.1e-05,1.1e-05,1.1e-05,2.5e-05,2.5e-05,2.5e-05,2e-06,2e-06,2e-06,8.4e-05,8.4e-05,8.4e-05,0.000167,0.000167,0.000167,0.000135,0.000135,0.000135,0.000105,0.000105,0.000105,7.2e-05,7.2e-05,7.2e-05,0,0,0,0,0,0,0.000973,0.000973,0.000973,17.77931,17.77931,17.77931,0.002662,0.002662,0.002662,0.001847,0.001847,0.001847,12.603282,12.603282,12.603282,0.037732,0.037732,0.037732,0.002942,0.002942,0.002942,0.008446,0.008446,0.008446,0.003041,0.003041,0.003041,0.00032,0.00032,0.00032
"iteration","simulation time",""CCTK total time" (average)",""CCTK total time" (minimum)",""CCTK total time" (maximum)",""IO method CarpetIOBasic" (average)",""IO method CarpetIOBasic" (minimum)",""IO method CarpetIOBasic" (maximum)",""IO method CarpetIOScalar" (average)",""IO method CarpetIOScalar" (minimum)",""IO method CarpetIOScalar" (maximum)",""IO method IOASCII_0D" (average)",""IO method IOASCII_0D" (minimum)",""IO method IOASCII_0D" (maximum)",""IO method IOASCII_1D" (average)",""IO method IOASCII_1D" (minimum)",""IO method IOASCII_1D" (maximum)",""IO method IOASCII_2D" (average)",""IO method IOASCII_2D" (minimum)",""IO method IOASCII_2D" (maximum)",""IO method IOASCII_3D" (average)",""IO method IOASCII_3D" (minimum)",""IO method IOASCII_3D" (maximum)",""IO method IOHDF5" (average)",""IO method IOHDF5" (minimum)",""IO method IOHDF5" (maximum)",""IO method IOHDF5_0D" (average)",""IO method IOHDF5_0D" (minimum)",""IO method IOHDF5_0D" (maximum)",""IO method IOHDF5_1D" (average)",""IO method IOHDF5_1D" (minimum)",""IO method IOHDF5_1D" (maximum)",""IO method IOHDF5_2D" (average)",""IO method IOHDF5_2D" (minimum)",""IO method IOHDF5_2D" (maximum)",""IO method IOHDF5_3D" (average)",""IO method IOHDF5_3D" (minimum)",""IO method IOHDF5_3D" (maximum)",""Slab/apply" (average)",""Slab/apply" (minimum)",""Slab/apply" (maximum)",""Slab/copy_back" (average)",""Slab/copy_back" (minimum)",""Slab/copy_back" (maximum)",""Slab/copy_back_flipgeneral" (average)",""Slab/copy_back_flipgeneral" (minimum)",""Slab/copy_back_flipgeneral" (maximum)",""Slab/copy_back_flipx" (average)",""Slab/copy_back_flipx" (minimum)",""Slab/copy_back_flipx" (maximum)",""Slab/copy_back_flipxy" (average)",""Slab/copy_back_flipxy" (minimum)",""Slab/copy_back_flipxy" (maximum)",""Slab/copy_back_flipy" (average)",""Slab/copy_back_flipy" (minimum)",""Slab/copy_back_flipy" (maximum)",""Slab/copy_back_general" (average)",""Slab/copy_back_general" (minimum)",""Slab/copy_back_general" (maximum)",""Slab/copy_back_noflip" (average)",""Slab/copy_back_noflip" (minimum)",""Slab/copy_back_noflip" (maximum)",""Slab/copy_in" (average)",""Slab/copy_in" (minimum)",""Slab/copy_in" (maximum)",""Slab/copy_in_general" (average)",""Slab/copy_in_general" (minimum)",""Slab/copy_in_general" (maximum)",""Slab/copy_in_noxpose" (average)",""Slab/copy_in_noxpose" (minimum)",""Slab/copy_in_noxpose" (maximum)",""Slab/copy_in_xposegeneral" (average)",""Slab/copy_in_xposegeneral" (minimum)",""Slab/copy_in_xposegeneral" (maximum)",""Slab/copy_in_xposexy" (average)",""Slab/copy_in_xposexy" (minimum)",""Slab/copy_in_xposexy" (maximum)",""Slab/init" (average)",""Slab/init" (minimum)",""Slab/init" (maximum)",""Slab/xfer" (average)",""Slab/xfer" (minimum)",""Slab/xfer" (maximum)",""[0000] Carpet: MultiModel_Startup in CCTK_STARTUP" (average)",""[0000] Carpet: MultiModel_Startup in CCTK_STARTUP" (minimum)",""[0000] Carpet: MultiModel_Startup in CCTK_STARTUP" (maximum)",""[0001] CycleClock: CycleClock_Setup in CCTK_STARTUP" (average)",""[0001] CycleClock: CycleClock_Setup in CCTK_STARTUP" (minimum)",""[0001] CycleClock: CycleClock_Setup in CCTK_STARTUP" (maximum)",""[0002] LoopControl: lc_setup in CCTK_STARTUP" (average)",""[0002] LoopControl: lc_setup in CCTK_STARTUP" (minimum)",""[0002] LoopControl: lc_setup in CCTK_STARTUP" (maximum)",""[0003] ML_BSSN_Helper: ML_BSSN_SetGroupTags in CCTK_STARTUP" (average)",""[0003] ML_BSSN_Helper: ML_BSSN_SetGroupTags in CCTK_STARTUP" (minimum)",""[0003] ML_BSSN_Helper: ML_BSSN_SetGroupTags in CCTK_STARTUP" (maximum)",""[0004] Timers: Timer_Startup in CCTK_STARTUP" (average)",""[0004] Timers: Timer_Startup in CCTK_STARTUP" (minimum)",""[0004] Timers: Timer_Startup in CCTK_STARTUP" (maximum)",""[0005] Carpet: Driver_Startup in CCTK_STARTUP" (average)",""[0005] Carpet: Driver_Startup in CCTK_STARTUP" (minimum)",""[0005] Carpet: Driver_Startup in CCTK_STARTUP" (maximum)",""[0006] IOUtil: IOUtil_Startup in CCTK_STARTUP" (average)",""[0006] IOUtil: IOUtil_Startup in CCTK_STARTUP" (minimum)",""[0006] IOUtil: IOUtil_Startup in CCTK_STARTUP" (maximum)",""[0007] CarpetInterp: CarpetInterpStartup in CCTK_STARTUP" (average)",""[0007] CarpetInterp: CarpetInterpStartup in CCTK_STARTUP" (minimum)",""[0007] CarpetInterp: CarpetInterpStartup in CCTK_STARTUP" (maximum)",""[0008] CarpetReduce: CarpetReduceStartup in CCTK_STARTUP" (average)",""[0008] CarpetReduce: CarpetReduceStartup in CCTK_STARTUP" (minimum)",""[0008] CarpetReduce: CarpetReduceStartup in CCTK_STARTUP" (maximum)",""[0009] CartGrid3D: SymmetryStartup in CCTK_STARTUP" (average)",""[0009] CartGrid3D: SymmetryStartup in CCTK_STARTUP" (minimum)",""[0009] CartGrid3D: SymmetryStartup in CCTK_STARTUP" (maximum)",""[0010] CoordBase: CoordBase_Startup in CCTK_STARTUP" (average)",""[0010] CoordBase: CoordBase_Startup in CCTK_STARTUP" (minimum)",""[0010] CoordBase: CoordBase_Startup in CCTK_STARTUP" (maximum)",""[0011] AEILocalInterp: AEILocalInterp_U_Startup in CCTK_STARTUP" (average)",""[0011] AEILocalInterp: AEILocalInterp_U_Startup in CCTK_STARTUP" (minimum)",""[0011] AEILocalInterp: AEILocalInterp_U_Startup in CCTK_STARTUP" (maximum)",""[0012] CarpetIOASCII: CarpetIOASCIIStartup in CCTK_STARTUP" (average)",""[0012] CarpetIOASCII: CarpetIOASCIIStartup in CCTK_STARTUP" (minimum)",""[0012] CarpetIOASCII: CarpetIOASCIIStartup in CCTK_STARTUP" (maximum)",""[0013] LocalInterp: LocalInterp_Startup in CCTK_STARTUP" (average)",""[0013] LocalInterp: LocalInterp_Startup in CCTK_STARTUP" (minimum)",""[0013] LocalInterp: LocalInterp_Startup in CCTK_STARTUP" (maximum)",""[0014] CarpetIOBasic: CarpetIOBasicStartup in CCTK_STARTUP" (average)",""[0014] CarpetIOBasic: CarpetIOBasicStartup in CCTK_STARTUP" (minimum)",""[0014] CarpetIOBasic: CarpetIOBasicStartup in CCTK_STARTUP" (maximum)",""[0015] ML_BSSN: ML_BSSN_Startup in CCTK_STARTUP" (average)",""[0015] ML_BSSN: ML_BSSN_Startup in CCTK_STARTUP" (minimum)",""[0015] ML_BSSN: ML_BSSN_Startup in CCTK_STARTUP" (maximum)",""[0016] ML_BSSN_Helper: ML_BSSN_RegisterSlicing in CCTK_STARTUP" (average)",""[0016] ML_BSSN_Helper: ML_BSSN_RegisterSlicing in CCTK_STARTUP" (minimum)",""[0016] ML_BSSN_Helper: ML_BSSN_RegisterSlicing in CCTK_STARTUP" (maximum)",""[0017] CarpetIOHDF5: CarpetIOHDF5_Startup in CCTK_STARTUP" (average)",""[0017] CarpetIOHDF5: CarpetIOHDF5_Startup in CCTK_STARTUP" (minimum)",""[0017] CarpetIOHDF5: CarpetIOHDF5_Startup in CCTK_STARTUP" (maximum)",""[0018] MoL: MoL_Startup in CCTK_STARTUP" (average)",""[0018] MoL: MoL_Startup in CCTK_STARTUP" (minimum)",""[0018] MoL: MoL_Startup in CCTK_STARTUP" (maximum)",""[0019] Slab: Slab_InitMPIDatatypes in CCTK_STARTUP" (average)",""[0019] Slab: Slab_InitMPIDatatypes in CCTK_STARTUP" (minimum)",""[0019] Slab: Slab_InitMPIDatatypes in CCTK_STARTUP" (maximum)",""[0020] SymBase: SymBase_Startup in CCTK_STARTUP" (average)",""[0020] SymBase: SymBase_Startup in CCTK_STARTUP" (minimum)",""[0020] SymBase: SymBase_Startup in CCTK_STARTUP" (maximum)",""[0021] CarpetIOScalar: CarpetIOScalarStartup in CCTK_STARTUP" (average)",""[0021] CarpetIOScalar: CarpetIOScalarStartup in CCTK_STARTUP" (minimum)",""[0021] CarpetIOScalar: CarpetIOScalarStartup in CCTK_STARTUP" (maximum)",""[0022] Vectors: Vectors_Startup in CCTK_STARTUP" (average)",""[0022] Vectors: Vectors_Startup in CCTK_STARTUP" (minimum)",""[0022] Vectors: Vectors_Startup in CCTK_STARTUP" (maximum)",""[0023] ADMBase: Einstein_InitSymBound in CCTK_WRAGH" (average)",""[0023] ADMBase: Einstein_InitSymBound in CCTK_WRAGH" (minimum)",""[0023] ADMBase: Einstein_InitSymBound in CCTK_WRAGH" (maximum)",""[0024] ADMConstraints: ADMConstraint_InitSymBound in CCTK_WRAGH" (average)",""[0024] ADMConstraints: ADMConstraint_InitSymBound in CCTK_WRAGH" (minimum)",""[0024] ADMConstraints: ADMConstraint_InitSymBound in CCTK_WRAGH" (maximum)",""[0025] Boundary: Boundary_RegisterBCs in CCTK_WRAGH" (average)",""[0025] Boundary: Boundary_RegisterBCs in CCTK_WRAGH" (minimum)",""[0025] Boundary: Boundary_RegisterBCs in CCTK_WRAGH" (maximum)",""[0026] CartGrid3D: RegisterCartGrid3DCoords in CCTK_WRAGH" (average)",""[0026] CartGrid3D: RegisterCartGrid3DCoords in CCTK_WRAGH" (minimum)",""[0026] CartGrid3D: RegisterCartGrid3DCoords in CCTK_WRAGH" (maximum)",""[0027] CoordGauge: Einstein_ActivateSlicing in CCTK_WRAGH" (average)",""[0027] CoordGauge: Einstein_ActivateSlicing in CCTK_WRAGH" (minimum)",""[0027] CoordGauge: Einstein_ActivateSlicing in CCTK_WRAGH" (maximum)",""[0028] CoordGauge: Einstein_SetNextSlicing in CCTK_WRAGH" (average)",""[0028] CoordGauge: Einstein_SetNextSlicing in CCTK_WRAGH" (minimum)",""[0028] CoordGauge: Einstein_SetNextSlicing in CCTK_WRAGH" (maximum)",""[0029] ML_BSSN_Helper: ML_BSSN_ParamCompat in CCTK_WRAGH" (average)",""[0029] ML_BSSN_Helper: ML_BSSN_ParamCompat in CCTK_WRAGH" (minimum)",""[0029] ML_BSSN_Helper: ML_BSSN_ParamCompat in CCTK_WRAGH" (maximum)",""[0030] ManyBH: ManyBH_spectralinit in CCTK_WRAGH" (average)",""[0030] ManyBH: ManyBH_spectralinit in CCTK_WRAGH" (minimum)",""[0030] ManyBH: ManyBH_spectralinit in CCTK_WRAGH" (maximum)",""[0031] MoL: MoL_SetupIndexArrays in CCTK_WRAGH" (average)",""[0031] MoL: MoL_SetupIndexArrays in CCTK_WRAGH" (minimum)",""[0031] MoL: MoL_SetupIndexArrays in CCTK_WRAGH" (maximum)",""[0032] MoL: MoL_SetScheduleStatus in CCTK_WRAGH" (average)",""[0032] MoL: MoL_SetScheduleStatus in CCTK_WRAGH" (minimum)",""[0032] MoL: MoL_SetScheduleStatus in CCTK_WRAGH" (maximum)",""[0033] TmunuBase: TmunuBase_SetStressEnergyState in CCTK_WRAGH" (average)",""[0033] TmunuBase: TmunuBase_SetStressEnergyState in CCTK_WRAGH" (minimum)",""[0033] TmunuBase: TmunuBase_SetStressEnergyState in CCTK_WRAGH" (maximum)",""[0034] ML_BSSN: ML_BSSN_RegisterVars in CCTK_WRAGH" (average)",""[0034] ML_BSSN: ML_BSSN_RegisterVars in CCTK_WRAGH" (minimum)",""[0034] ML_BSSN: ML_BSSN_RegisterVars in CCTK_WRAGH" (maximum)",""[0035] ML_BSSN_Helper: ML_BSSN_RegisterConstrained in CCTK_WRAGH" (average)",""[0035] ML_BSSN_Helper: ML_BSSN_RegisterConstrained in CCTK_WRAGH" (minimum)",""[0035] ML_BSSN_Helper: ML_BSSN_RegisterConstrained in CCTK_WRAGH" (maximum)",""[0036] Slab: Slab_InitTimers in CCTK_WRAGH" (average)",""[0036] Slab: Slab_InitTimers in CCTK_WRAGH" (minimum)",""[0036] Slab: Slab_InitTimers in CCTK_WRAGH" (maximum)",""[0037] CartGrid3D: RegisterSymmetryBoundaries in CCTK_WRAGH" (average)",""[0037] CartGrid3D: RegisterSymmetryBoundaries in CCTK_WRAGH" (minimum)",""[0037] CartGrid3D: RegisterSymmetryBoundaries in CCTK_WRAGH" (maximum)",""[0038] ML_BSSN: ML_BSSN_RegisterSymmetries in CCTK_WRAGH" (average)",""[0038] ML_BSSN: ML_BSSN_RegisterSymmetries in CCTK_WRAGH" (minimum)",""[0038] ML_BSSN: ML_BSSN_RegisterSymmetries in CCTK_WRAGH" (maximum)",""[0039] SymBase: SymBase_Statistics in CCTK_WRAGH" (average)",""[0039] SymBase: SymBase_Statistics in CCTK_WRAGH" (minimum)",""[0039] SymBase: SymBase_Statistics in CCTK_WRAGH" (maximum)",""[0040] MoL: MoL_ReportNumberVariables in CCTK_WRAGH" (average)",""[0040] MoL: MoL_ReportNumberVariables in CCTK_WRAGH" (minimum)",""[0040] MoL: MoL_ReportNumberVariables in CCTK_WRAGH" (maximum)",""[0041] ADMBase: ADMBase_ParamCheck in CCTK_PARAMCHECK" (average)",""[0041] ADMBase: ADMBase_ParamCheck in CCTK_PARAMCHECK" (minimum)",""[0041] ADMBase: ADMBase_ParamCheck in CCTK_PARAMCHECK" (maximum)",""[0042] ADMConstraints: ADMConstraints_ParamCheck in CCTK_PARAMCHECK" (average)",""[0042] ADMConstraints: ADMConstraints_ParamCheck in CCTK_PARAMCHECK" (minimum)",""[0042] ADMConstraints: ADMConstraints_ParamCheck in CCTK_PARAMCHECK" (maximum)",""[0043] Boundary: Boundary_Check in CCTK_PARAMCHECK" (average)",""[0043] Boundary: Boundary_Check in CCTK_PARAMCHECK" (minimum)",""[0043] Boundary: Boundary_Check in CCTK_PARAMCHECK" (maximum)",""[0044] Carpet: CarpetParamCheck in CCTK_PARAMCHECK" (average)",""[0044] Carpet: CarpetParamCheck in CCTK_PARAMCHECK" (minimum)",""[0044] Carpet: CarpetParamCheck in CCTK_PARAMCHECK" (maximum)",""[0045] CarpetLib: CarpetLib_test_prolongate_3d_rf2 in CCTK_PARAMCHECK" (average)",""[0045] CarpetLib: CarpetLib_test_prolongate_3d_rf2 in CCTK_PARAMCHECK" (minimum)",""[0045] CarpetLib: CarpetLib_test_prolongate_3d_rf2 in CCTK_PARAMCHECK" (maximum)",""[0046] CartGrid3D: ParamCheck_CartGrid3D in CCTK_PARAMCHECK" (average)",""[0046] CartGrid3D: ParamCheck_CartGrid3D in CCTK_PARAMCHECK" (minimum)",""[0046] CartGrid3D: ParamCheck_CartGrid3D in CCTK_PARAMCHECK" (maximum)",""[0047] Fortran: CheckFortranParameters in CCTK_PARAMCHECK" (average)",""[0047] Fortran: CheckFortranParameters in CCTK_PARAMCHECK" (minimum)",""[0047] Fortran: CheckFortranParameters in CCTK_PARAMCHECK" (maximum)",""[0048] ML_BSSN_Helper: ML_BSSN_ParamCheck in CCTK_PARAMCHECK" (average)",""[0048] ML_BSSN_Helper: ML_BSSN_ParamCheck in CCTK_PARAMCHECK" (minimum)",""[0048] ML_BSSN_Helper: ML_BSSN_ParamCheck in CCTK_PARAMCHECK" (maximum)",""[0049] MoL: MoL_ParamCheck in CCTK_PARAMCHECK" (average)",""[0049] MoL: MoL_ParamCheck in CCTK_PARAMCHECK" (minimum)",""[0049] MoL: MoL_ParamCheck in CCTK_PARAMCHECK" (maximum)",""[0050] Vectors: Vectors_Test in CCTK_PARAMCHECK" (average)",""[0050] Vectors: Vectors_Test in CCTK_PARAMCHECK" (minimum)",""[0050] Vectors: Vectors_Test in CCTK_PARAMCHECK" (maximum)",""[0051] ADMBase: ADMBase_SetShiftStateOn in CCTK_BASEGRID" (average)",""[0051] ADMBase: ADMBase_SetShiftStateOn in CCTK_BASEGRID" (minimum)",""[0051] ADMBase: ADMBase_SetShiftStateOn in CCTK_BASEGRID" (maximum)",""[0052] ADMBase: ADMBase_SetDtLapseStateOn in CCTK_BASEGRID" (average)",""[0052] ADMBase: ADMBase_SetDtLapseStateOn in CCTK_BASEGRID" (minimum)",""[0052] ADMBase: ADMBase_SetDtLapseStateOn in CCTK_BASEGRID" (maximum)",""[0053] ADMBase: ADMBase_SetDtShiftStateOn in CCTK_BASEGRID" (average)",""[0053] ADMBase: ADMBase_SetDtShiftStateOn in CCTK_BASEGRID" (minimum)",""[0053] ADMBase: ADMBase_SetDtShiftStateOn in CCTK_BASEGRID" (maximum)",""[0054] ADMMacros: ADMMacros_SetLocalSpatialOrder in CCTK_BASEGRID" (average)",""[0054] ADMMacros: ADMMacros_SetLocalSpatialOrder in CCTK_BASEGRID" (minimum)",""[0054] ADMMacros: ADMMacros_SetLocalSpatialOrder in CCTK_BASEGRID" (maximum)",""[0055] CartGrid3D: SpatialSpacings in CCTK_BASEGRID" (average)",""[0055] CartGrid3D: SpatialSpacings in CCTK_BASEGRID" (minimum)",""[0055] CartGrid3D: SpatialSpacings in CCTK_BASEGRID" (maximum)",""[0056] CartGrid3D: SpatialCoordinates in CCTK_BASEGRID" (average)",""[0056] CartGrid3D: SpatialCoordinates in CCTK_BASEGRID" (minimum)",""[0056] CartGrid3D: SpatialCoordinates in CCTK_BASEGRID" (maximum)",""[0057] CarpetReduce: MaskBase_AllocateMask in CCTK_BASEGRID" (average)",""[0057] CarpetReduce: MaskBase_AllocateMask in CCTK_BASEGRID" (minimum)",""[0057] CarpetReduce: MaskBase_AllocateMask in CCTK_BASEGRID" (maximum)",""[0058] CarpetReduce: MaskBase_InitMask in CCTK_BASEGRID" (average)",""[0058] CarpetReduce: MaskBase_InitMask in CCTK_BASEGRID" (minimum)",""[0058] CarpetReduce: MaskBase_InitMask in CCTK_BASEGRID" (maximum)",""[0059] CarpetReduce: CoordBase_SetupMask in CCTK_BASEGRID" (average)",""[0059] CarpetReduce: CoordBase_SetupMask in CCTK_BASEGRID" (minimum)",""[0059] CarpetReduce: CoordBase_SetupMask in CCTK_BASEGRID" (maximum)",""[0060] CarpetReduce: CarpetMaskSetup in CCTK_BASEGRID" (average)",""[0060] CarpetReduce: CarpetMaskSetup in CCTK_BASEGRID" (minimum)",""[0060] CarpetReduce: CarpetMaskSetup in CCTK_BASEGRID" (maximum)",""[0061] CarpetReduce: MaskBase_SetMask in CCTK_BASEGRID" (average)",""[0061] CarpetReduce: MaskBase_SetMask in CCTK_BASEGRID" (minimum)",""[0061] CarpetReduce: MaskBase_SetMask in CCTK_BASEGRID" (maximum)",""[0062] CarpetReduce: MaskBase_TestMask in CCTK_BASEGRID" (average)",""[0062] CarpetReduce: MaskBase_TestMask in CCTK_BASEGRID" (minimum)",""[0062] CarpetReduce: MaskBase_TestMask in CCTK_BASEGRID" (maximum)",""[0063] ML_BSSN: ML_BSSN_CheckBoundaries in CCTK_BASEGRID" (average)",""[0063] ML_BSSN: ML_BSSN_CheckBoundaries in CCTK_BASEGRID" (minimum)",""[0063] ML_BSSN: ML_BSSN_CheckBoundaries in CCTK_BASEGRID" (maximum)",""[0064] SymBase: SymBase_Check in CCTK_BASEGRID" (average)",""[0064] SymBase: SymBase_Check in CCTK_BASEGRID" (minimum)",""[0064] SymBase: SymBase_Check in CCTK_BASEGRID" (maximum)",""[0065] Time: Time_Initialise in CCTK_BASEGRID" (average)",""[0065] Time: Time_Initialise in CCTK_BASEGRID" (minimum)",""[0065] Time: Time_Initialise in CCTK_BASEGRID" (maximum)",""[0066] Time: TemporalSpacings in CCTK_BASEGRID" (average)",""[0066] Time: TemporalSpacings in CCTK_BASEGRID" (minimum)",""[0066] Time: TemporalSpacings in CCTK_BASEGRID" (maximum)",""[0067] StaticConformal: StaticConformal_InitialiseState in CCTK_INITIAL" (average)",""[0067] StaticConformal: StaticConformal_InitialiseState in CCTK_INITIAL" (minimum)",""[0067] StaticConformal: StaticConformal_InitialiseState in CCTK_INITIAL" (maximum)",""[0068] ManyBH: ManyBH_initialdata in CCTK_INITIAL" (average)",""[0068] ManyBH: ManyBH_initialdata in CCTK_INITIAL" (minimum)",""[0068] ManyBH: ManyBH_initialdata in CCTK_INITIAL" (maximum)",""[0069] ADMBase: ADMBase_LapseOne in CCTK_INITIAL" (average)",""[0069] ADMBase: ADMBase_LapseOne in CCTK_INITIAL" (minimum)",""[0069] ADMBase: ADMBase_LapseOne in CCTK_INITIAL" (maximum)",""[0070] ADMBase: ADMBase_ShiftZero in CCTK_INITIAL" (average)",""[0070] ADMBase: ADMBase_ShiftZero in CCTK_INITIAL" (minimum)",""[0070] ADMBase: ADMBase_ShiftZero in CCTK_INITIAL" (maximum)",""[0071] ADMBase: ADMBase_DtLapseZero in CCTK_INITIAL" (average)",""[0071] ADMBase: ADMBase_DtLapseZero in CCTK_INITIAL" (minimum)",""[0071] ADMBase: ADMBase_DtLapseZero in CCTK_INITIAL" (maximum)",""[0072] ADMBase: ADMBase_DtShiftZero in CCTK_INITIAL" (average)",""[0072] ADMBase: ADMBase_DtShiftZero in CCTK_INITIAL" (minimum)",""[0072] ADMBase: ADMBase_DtShiftZero in CCTK_INITIAL" (maximum)",""[0073] CarpetIOASCII: CarpetIOASCIIInit in CCTK_INITIAL" (average)",""[0073] CarpetIOASCII: CarpetIOASCIIInit in CCTK_INITIAL" (minimum)",""[0073] CarpetIOASCII: CarpetIOASCIIInit in CCTK_INITIAL" (maximum)",""[0074] CarpetIOBasic: CarpetIOBasicInit in CCTK_INITIAL" (average)",""[0074] CarpetIOBasic: CarpetIOBasicInit in CCTK_INITIAL" (minimum)",""[0074] CarpetIOBasic: CarpetIOBasicInit in CCTK_INITIAL" (maximum)",""[0075] CarpetIOHDF5: CarpetIOHDF5_Init in CCTK_INITIAL" (average)",""[0075] CarpetIOHDF5: CarpetIOHDF5_Init in CCTK_INITIAL" (minimum)",""[0075] CarpetIOHDF5: CarpetIOHDF5_Init in CCTK_INITIAL" (maximum)",""[0076] CarpetIOScalar: CarpetIOScalarInit in CCTK_INITIAL" (average)",""[0076] CarpetIOScalar: CarpetIOScalarInit in CCTK_INITIAL" (minimum)",""[0076] CarpetIOScalar: CarpetIOScalarInit in CCTK_INITIAL" (maximum)",""[0077] ML_BSSN: ML_BSSN_InitialADMBase1Everywhere in CCTK_INITIAL" (average)",""[0077] ML_BSSN: ML_BSSN_InitialADMBase1Everywhere in CCTK_INITIAL" (minimum)",""[0077] ML_BSSN: ML_BSSN_InitialADMBase1Everywhere in CCTK_INITIAL" (maximum)",""[0078] ML_BSSN: ML_BSSN_InitialADMBase2BoundaryScalar in CCTK_INITIAL" (average)",""[0078] ML_BSSN: ML_BSSN_InitialADMBase2BoundaryScalar in CCTK_INITIAL" (minimum)",""[0078] ML_BSSN: ML_BSSN_InitialADMBase2BoundaryScalar in CCTK_INITIAL" (maximum)",""[0079] MoL: MoL_StartLoop in CCTK_INITIAL" (average)",""[0079] MoL: MoL_StartLoop in CCTK_INITIAL" (minimum)",""[0079] MoL: MoL_StartLoop in CCTK_INITIAL" (maximum)",""[0080] ML_BSSN: ML_BSSN_InitialADMBase2Interior in CCTK_INITIAL" (average)",""[0080] ML_BSSN: ML_BSSN_InitialADMBase2Interior in CCTK_INITIAL" (minimum)",""[0080] ML_BSSN: ML_BSSN_InitialADMBase2Interior in CCTK_INITIAL" (maximum)",""[0081] TmunuBase: TmunuBase_ZeroTmunu in CCTK_INITIAL" (average)",""[0081] TmunuBase: TmunuBase_ZeroTmunu in CCTK_INITIAL" (minimum)",""[0081] TmunuBase: TmunuBase_ZeroTmunu in CCTK_INITIAL" (maximum)",""[0082] ML_BSSN: ML_BSSN_EnforceEverywhere in CCTK_POSTINITIAL" (average)",""[0082] ML_BSSN: ML_BSSN_EnforceEverywhere in CCTK_POSTINITIAL" (minimum)",""[0082] ML_BSSN: ML_BSSN_EnforceEverywhere in CCTK_POSTINITIAL" (maximum)",""[0083] CarpetIOHDF5: CarpetIOHDF5_CloseFiles in CCTK_POSTINITIAL" (average)",""[0083] CarpetIOHDF5: CarpetIOHDF5_CloseFiles in CCTK_POSTINITIAL" (minimum)",""[0083] CarpetIOHDF5: CarpetIOHDF5_CloseFiles in CCTK_POSTINITIAL" (maximum)",""[0084] ADMBase: ADMBase_Boundaries in CCTK_POSTINITIAL" (average)",""[0084] ADMBase: ADMBase_Boundaries in CCTK_POSTINITIAL" (minimum)",""[0084] ADMBase: ADMBase_Boundaries in CCTK_POSTINITIAL" (maximum)",""[0085] Boundary: Boundary_ApplyPhysicalBCs in CCTK_POSTINITIAL" (average)",""[0085] Boundary: Boundary_ApplyPhysicalBCs in CCTK_POSTINITIAL" (minimum)",""[0085] Boundary: Boundary_ApplyPhysicalBCs in CCTK_POSTINITIAL" (maximum)",""[0086] CartGrid3D: CartGrid3D_ApplyBC in CCTK_POSTINITIAL" (average)",""[0086] CartGrid3D: CartGrid3D_ApplyBC in CCTK_POSTINITIAL" (minimum)",""[0086] CartGrid3D: CartGrid3D_ApplyBC in CCTK_POSTINITIAL" (maximum)",""[0087] Boundary: Boundary_ClearSelection in CCTK_POSTINITIAL" (average)",""[0087] Boundary: Boundary_ClearSelection in CCTK_POSTINITIAL" (minimum)",""[0087] Boundary: Boundary_ClearSelection in CCTK_POSTINITIAL" (maximum)",""[0088] ML_BSSN: ML_BSSN_SelectBoundConds in CCTK_POSTINITIAL" (average)",""[0088] ML_BSSN: ML_BSSN_SelectBoundConds in CCTK_POSTINITIAL" (minimum)",""[0088] ML_BSSN: ML_BSSN_SelectBoundConds in CCTK_POSTINITIAL" (maximum)",""[0089] ML_BSSN: ML_BSSN_ADMBaseInterior in CCTK_POSTINITIAL" (average)",""[0089] ML_BSSN: ML_BSSN_ADMBaseInterior in CCTK_POSTINITIAL" (minimum)",""[0089] ML_BSSN: ML_BSSN_ADMBaseInterior in CCTK_POSTINITIAL" (maximum)",""[0090] ML_BSSN: ML_BSSN_ADMBaseBoundaryScalar in CCTK_POSTINITIAL" (average)",""[0090] ML_BSSN: ML_BSSN_ADMBaseBoundaryScalar in CCTK_POSTINITIAL" (minimum)",""[0090] ML_BSSN: ML_BSSN_ADMBaseBoundaryScalar in CCTK_POSTINITIAL" (maximum)",""[0091] ML_BSSN: ML_BSSN_ADMBaseEverywhere in CCTK_POSTINITIAL" (average)",""[0091] ML_BSSN: ML_BSSN_ADMBaseEverywhere in CCTK_POSTINITIAL" (minimum)",""[0091] ML_BSSN: ML_BSSN_ADMBaseEverywhere in CCTK_POSTINITIAL" (maximum)",""[0092] ML_BSSN_Helper: ML_BSSN_ADMBase_SelectBCs in CCTK_POSTINITIAL" (average)",""[0092] ML_BSSN_Helper: ML_BSSN_ADMBase_SelectBCs in CCTK_POSTINITIAL" (minimum)",""[0092] ML_BSSN_Helper: ML_BSSN_ADMBase_SelectBCs in CCTK_POSTINITIAL" (maximum)",""[0093] TmunuBase: TmunuBase_ZeroTmunu in CCTK_POSTINITIAL" (average)",""[0093] TmunuBase: TmunuBase_ZeroTmunu in CCTK_POSTINITIAL" (minimum)",""[0093] TmunuBase: TmunuBase_ZeroTmunu in CCTK_POSTINITIAL" (maximum)",""[0094] ADMConstraints: ADMConstraints in CCTK_POSTINITIAL" (average)",""[0094] ADMConstraints: ADMConstraints in CCTK_POSTINITIAL" (minimum)",""[0094] ADMConstraints: ADMConstraints in CCTK_POSTINITIAL" (maximum)",""[0095] ADMConstraints: ADMConstraints_Boundaries in CCTK_POSTINITIAL" (average)",""[0095] ADMConstraints: ADMConstraints_Boundaries in CCTK_POSTINITIAL" (minimum)",""[0095] ADMConstraints: ADMConstraints_Boundaries in CCTK_POSTINITIAL" (maximum)",""[0096] ML_BSSN: ML_BSSN_ConstraintsEverywhere in CCTK_POSTINITIAL" (average)",""[0096] ML_BSSN: ML_BSSN_ConstraintsEverywhere in CCTK_POSTINITIAL" (minimum)",""[0096] ML_BSSN: ML_BSSN_ConstraintsEverywhere in CCTK_POSTINITIAL" (maximum)",""[0097] ML_BSSN: ML_BSSN_ConstraintsEverywhere_SelectBCs in CCTK_POSTINITIAL" (average)",""[0097] ML_BSSN: ML_BSSN_ConstraintsEverywhere_SelectBCs in CCTK_POSTINITIAL" (minimum)",""[0097] ML_BSSN: ML_BSSN_ConstraintsEverywhere_SelectBCs in CCTK_POSTINITIAL" (maximum)",""[0098] ML_BSSN: ML_BSSN_ConstraintsInterior in CCTK_POSTINITIAL" (average)",""[0098] ML_BSSN: ML_BSSN_ConstraintsInterior in CCTK_POSTINITIAL" (minimum)",""[0098] ML_BSSN: ML_BSSN_ConstraintsInterior in CCTK_POSTINITIAL" (maximum)",""[0099] ML_BSSN: ML_BSSN_ConstraintsInterior_SelectBCs in CCTK_POSTINITIAL" (average)",""[0099] ML_BSSN: ML_BSSN_ConstraintsInterior_SelectBCs in CCTK_POSTINITIAL" (minimum)",""[0099] ML_BSSN: ML_BSSN_ConstraintsInterior_SelectBCs in CCTK_POSTINITIAL" (maximum)",""[0100] ManyBH: ManyBH_cleanup in CCTK_POSTPOSTINITIAL" (average)",""[0100] ManyBH: ManyBH_cleanup in CCTK_POSTPOSTINITIAL" (minimum)",""[0100] ManyBH: ManyBH_cleanup in CCTK_POSTPOSTINITIAL" (maximum)",""[0101] CarpetIOHDF5: CarpetIOHDF5_InitialDataCheckpoint in CCTK_CPINITIAL" (average)",""[0101] CarpetIOHDF5: CarpetIOHDF5_InitialDataCheckpoint in CCTK_CPINITIAL" (minimum)",""[0101] CarpetIOHDF5: CarpetIOHDF5_InitialDataCheckpoint in CCTK_CPINITIAL" (maximum)",""[0102] CarpetLib: CarpetLib_printtimestats in CCTK_ANALYSIS" (average)",""[0102] CarpetLib: CarpetLib_printtimestats in CCTK_ANALYSIS" (minimum)",""[0102] CarpetLib: CarpetLib_printtimestats in CCTK_ANALYSIS" (maximum)",""[0103] CarpetLib: CarpetLib_printmemstats in CCTK_ANALYSIS" (average)",""[0103] CarpetLib: CarpetLib_printmemstats in CCTK_ANALYSIS" (minimum)",""[0103] CarpetLib: CarpetLib_printmemstats in CCTK_ANALYSIS" (maximum)",""[0104] LoopControl: lc_statistics_analysis in CCTK_ANALYSIS" (average)",""[0104] LoopControl: lc_statistics_analysis in CCTK_ANALYSIS" (minimum)",""[0104] LoopControl: lc_statistics_analysis in CCTK_ANALYSIS" (maximum)",""[0105] TimerReport: zzz_TimerReport_Output in CCTK_ANALYSIS" (average)",""[0105] TimerReport: zzz_TimerReport_Output in CCTK_ANALYSIS" (minimum)",""[0105] TimerReport: zzz_TimerReport_Output in CCTK_ANALYSIS" (maximum)",""[0106] ADMBase: ADMBase_LapseStatic in CCTK_PRESTEP" (average)",""[0106] ADMBase: ADMBase_LapseStatic in CCTK_PRESTEP" (minimum)",""[0106] ADMBase: ADMBase_LapseStatic in CCTK_PRESTEP" (maximum)",""[0107] ADMBase: ADMBase_ShiftStatic in CCTK_PRESTEP" (average)",""[0107] ADMBase: ADMBase_ShiftStatic in CCTK_PRESTEP" (minimum)",""[0107] ADMBase: ADMBase_ShiftStatic in CCTK_PRESTEP" (maximum)",""[0108] CoordGauge: Einstein_SetNextSlicing in CCTK_PRESTEP" (average)",""[0108] CoordGauge: Einstein_SetNextSlicing in CCTK_PRESTEP" (minimum)",""[0108] CoordGauge: Einstein_SetNextSlicing in CCTK_PRESTEP" (maximum)",""[0109] LoopControl: lc_steer in CCTK_PRESTEP" (average)",""[0109] LoopControl: lc_steer in CCTK_PRESTEP" (minimum)",""[0109] LoopControl: lc_steer in CCTK_PRESTEP" (maximum)",""[0110] MoL: MoL_StartLoop in CCTK_EVOL" (average)",""[0110] MoL: MoL_StartLoop in CCTK_EVOL" (minimum)",""[0110] MoL: MoL_StartLoop in CCTK_EVOL" (maximum)",""[0111] MoL: MoL_SetCounter in CCTK_EVOL" (average)",""[0111] MoL: MoL_SetCounter in CCTK_EVOL" (minimum)",""[0111] MoL: MoL_SetCounter in CCTK_EVOL" (maximum)",""[0112] MoL: MoL_SetTime in CCTK_EVOL" (average)",""[0112] MoL: MoL_SetTime in CCTK_EVOL" (minimum)",""[0112] MoL: MoL_SetTime in CCTK_EVOL" (maximum)",""[0113] MoL: MoL_AllocateScratchSpace in CCTK_EVOL" (average)",""[0113] MoL: MoL_AllocateScratchSpace in CCTK_EVOL" (minimum)",""[0113] MoL: MoL_AllocateScratchSpace in CCTK_EVOL" (maximum)",""[0114] MoL: MoL_InitialCopy in CCTK_EVOL" (average)",""[0114] MoL: MoL_InitialCopy in CCTK_EVOL" (minimum)",""[0114] MoL: MoL_InitialCopy in CCTK_EVOL" (maximum)",""[0115] MoL: MoL_InitRHS in CCTK_EVOL" (average)",""[0115] MoL: MoL_InitRHS in CCTK_EVOL" (minimum)",""[0115] MoL: MoL_InitRHS in CCTK_EVOL" (maximum)",""[0116] ML_BSSN: ML_BSSN_EvolutionBoundaryScalar in CCTK_EVOL" (average)",""[0116] ML_BSSN: ML_BSSN_EvolutionBoundaryScalar in CCTK_EVOL" (minimum)",""[0116] ML_BSSN: ML_BSSN_EvolutionBoundaryScalar in CCTK_EVOL" (maximum)",""[0117] ML_BSSN: ML_BSSN_EvolutionInteriorSplitBy1 in CCTK_EVOL" (average)",""[0117] ML_BSSN: ML_BSSN_EvolutionInteriorSplitBy1 in CCTK_EVOL" (minimum)",""[0117] ML_BSSN: ML_BSSN_EvolutionInteriorSplitBy1 in CCTK_EVOL" (maximum)",""[0118] ML_BSSN: ML_BSSN_EvolutionInteriorSplitBy2 in CCTK_EVOL" (average)",""[0118] ML_BSSN: ML_BSSN_EvolutionInteriorSplitBy2 in CCTK_EVOL" (minimum)",""[0118] ML_BSSN: ML_BSSN_EvolutionInteriorSplitBy2 in CCTK_EVOL" (maximum)",""[0119] ML_BSSN: ML_BSSN_EvolutionInteriorSplitBy3 in CCTK_EVOL" (average)",""[0119] ML_BSSN: ML_BSSN_EvolutionInteriorSplitBy3 in CCTK_EVOL" (minimum)",""[0119] ML_BSSN: ML_BSSN_EvolutionInteriorSplitBy3 in CCTK_EVOL" (maximum)",""[0120] MoL: MoL_Add in CCTK_EVOL" (average)",""[0120] MoL: MoL_Add in CCTK_EVOL" (minimum)",""[0120] MoL: MoL_Add in CCTK_EVOL" (maximum)",""[0121] MoL: MoL_DecrementCounter in CCTK_EVOL" (average)",""[0121] MoL: MoL_DecrementCounter in CCTK_EVOL" (minimum)",""[0121] MoL: MoL_DecrementCounter in CCTK_EVOL" (maximum)",""[0122] MoL: MoL_ResetTime in CCTK_EVOL" (average)",""[0122] MoL: MoL_ResetTime in CCTK_EVOL" (minimum)",""[0122] MoL: MoL_ResetTime in CCTK_EVOL" (maximum)",""[0123] ML_BSSN: ML_BSSN_EnforceEverywhere in CCTK_EVOL" (average)",""[0123] ML_BSSN: ML_BSSN_EnforceEverywhere in CCTK_EVOL" (minimum)",""[0123] ML_BSSN: ML_BSSN_EnforceEverywhere in CCTK_EVOL" (maximum)",""[0124] ADMBase: ADMBase_Boundaries in CCTK_EVOL" (average)",""[0124] ADMBase: ADMBase_Boundaries in CCTK_EVOL" (minimum)",""[0124] ADMBase: ADMBase_Boundaries in CCTK_EVOL" (maximum)",""[0125] Boundary: Boundary_ApplyPhysicalBCs in CCTK_EVOL" (average)",""[0125] Boundary: Boundary_ApplyPhysicalBCs in CCTK_EVOL" (minimum)",""[0125] Boundary: Boundary_ApplyPhysicalBCs in CCTK_EVOL" (maximum)",""[0126] CartGrid3D: CartGrid3D_ApplyBC in CCTK_EVOL" (average)",""[0126] CartGrid3D: CartGrid3D_ApplyBC in CCTK_EVOL" (minimum)",""[0126] CartGrid3D: CartGrid3D_ApplyBC in CCTK_EVOL" (maximum)",""[0127] Boundary: Boundary_ClearSelection in CCTK_EVOL" (average)",""[0127] Boundary: Boundary_ClearSelection in CCTK_EVOL" (minimum)",""[0127] Boundary: Boundary_ClearSelection in CCTK_EVOL" (maximum)",""[0128] ML_BSSN: ML_BSSN_SelectBoundConds in CCTK_EVOL" (average)",""[0128] ML_BSSN: ML_BSSN_SelectBoundConds in CCTK_EVOL" (minimum)",""[0128] ML_BSSN: ML_BSSN_SelectBoundConds in CCTK_EVOL" (maximum)",""[0129] ML_BSSN: ML_BSSN_ADMBaseInterior in CCTK_EVOL" (average)",""[0129] ML_BSSN: ML_BSSN_ADMBaseInterior in CCTK_EVOL" (minimum)",""[0129] ML_BSSN: ML_BSSN_ADMBaseInterior in CCTK_EVOL" (maximum)",""[0130] ML_BSSN: ML_BSSN_ADMBaseBoundaryScalar in CCTK_EVOL" (average)",""[0130] ML_BSSN: ML_BSSN_ADMBaseBoundaryScalar in CCTK_EVOL" (minimum)",""[0130] ML_BSSN: ML_BSSN_ADMBaseBoundaryScalar in CCTK_EVOL" (maximum)",""[0131] ML_BSSN: ML_BSSN_ADMBaseEverywhere in CCTK_EVOL" (average)",""[0131] ML_BSSN: ML_BSSN_ADMBaseEverywhere in CCTK_EVOL" (minimum)",""[0131] ML_BSSN: ML_BSSN_ADMBaseEverywhere in CCTK_EVOL" (maximum)",""[0132] ML_BSSN_Helper: ML_BSSN_ADMBase_SelectBCs in CCTK_EVOL" (average)",""[0132] ML_BSSN_Helper: ML_BSSN_ADMBase_SelectBCs in CCTK_EVOL" (minimum)",""[0132] ML_BSSN_Helper: ML_BSSN_ADMBase_SelectBCs in CCTK_EVOL" (maximum)",""[0133] TmunuBase: TmunuBase_ZeroTmunu in CCTK_EVOL" (average)",""[0133] TmunuBase: TmunuBase_ZeroTmunu in CCTK_EVOL" (minimum)",""[0133] TmunuBase: TmunuBase_ZeroTmunu in CCTK_EVOL" (maximum)",""[0134] MoL: MoL_ResetDeltaTime in CCTK_EVOL" (average)",""[0134] MoL: MoL_ResetDeltaTime in CCTK_EVOL" (minimum)",""[0134] MoL: MoL_ResetDeltaTime in CCTK_EVOL" (maximum)",""[0135] MoL: MoL_FinishLoop in CCTK_EVOL" (average)",""[0135] MoL: MoL_FinishLoop in CCTK_EVOL" (minimum)",""[0135] MoL: MoL_FinishLoop in CCTK_EVOL" (maximum)",""[0136] MoL: MoL_RestoreSandR in CCTK_EVOL" (average)",""[0136] MoL: MoL_RestoreSandR in CCTK_EVOL" (minimum)",""[0136] MoL: MoL_RestoreSandR in CCTK_EVOL" (maximum)",""[0137] MoL: MoL_FreeScratchSpace in CCTK_EVOL" (average)",""[0137] MoL: MoL_FreeScratchSpace in CCTK_EVOL" (minimum)",""[0137] MoL: MoL_FreeScratchSpace in CCTK_EVOL" (maximum)",""[0138] ADMConstraints: ADMConstraints in CCTK_EVOL" (average)",""[0138] ADMConstraints: ADMConstraints in CCTK_EVOL" (minimum)",""[0138] ADMConstraints: ADMConstraints in CCTK_EVOL" (maximum)",""[0139] ADMConstraints: ADMConstraints_Boundaries in CCTK_EVOL" (average)",""[0139] ADMConstraints: ADMConstraints_Boundaries in CCTK_EVOL" (minimum)",""[0139] ADMConstraints: ADMConstraints_Boundaries in CCTK_EVOL" (maximum)",""[0140] ML_BSSN: ML_BSSN_ConstraintsEverywhere in CCTK_EVOL" (average)",""[0140] ML_BSSN: ML_BSSN_ConstraintsEverywhere in CCTK_EVOL" (minimum)",""[0140] ML_BSSN: ML_BSSN_ConstraintsEverywhere in CCTK_EVOL" (maximum)",""[0141] ML_BSSN: ML_BSSN_ConstraintsEverywhere_SelectBCs in CCTK_EVOL" (average)",""[0141] ML_BSSN: ML_BSSN_ConstraintsEverywhere_SelectBCs in CCTK_EVOL" (minimum)",""[0141] ML_BSSN: ML_BSSN_ConstraintsEverywhere_SelectBCs in CCTK_EVOL" (maximum)",""[0142] ML_BSSN: ML_BSSN_ConstraintsInterior in CCTK_EVOL" (average)",""[0142] ML_BSSN: ML_BSSN_ConstraintsInterior in CCTK_EVOL" (minimum)",""[0142] ML_BSSN: ML_BSSN_ConstraintsInterior in CCTK_EVOL" (maximum)",""[0143] ML_BSSN: ML_BSSN_ConstraintsInterior_SelectBCs in CCTK_EVOL" (average)",""[0143] ML_BSSN: ML_BSSN_ConstraintsInterior_SelectBCs in CCTK_EVOL" (minimum)",""[0143] ML_BSSN: ML_BSSN_ConstraintsInterior_SelectBCs in CCTK_EVOL" (maximum)",""[0144] CarpetIOHDF5: CarpetIOHDF5_EvolutionCheckpoint in CCTK_CHECKPOINT" (average)",""[0144] CarpetIOHDF5: CarpetIOHDF5_EvolutionCheckpoint in CCTK_CHECKPOINT" (minimum)",""[0144] CarpetIOHDF5: CarpetIOHDF5_EvolutionCheckpoint in CCTK_CHECKPOINT" (maximum)",""[0145] TimerReport: zzz_TimerReport_Checkpoint in CCTK_CHECKPOINT" (average)",""[0145] TimerReport: zzz_TimerReport_Checkpoint in CCTK_CHECKPOINT" (minimum)",""[0145] TimerReport: zzz_TimerReport_Checkpoint in CCTK_CHECKPOINT" (maximum)",""[0146] CarpetIOHDF5: CarpetIOHDF5_TerminationCheckpoint in CCTK_TERMINATE" (average)",""[0146] CarpetIOHDF5: CarpetIOHDF5_TerminationCheckpoint in CCTK_TERMINATE" (minimum)",""[0146] CarpetIOHDF5: CarpetIOHDF5_TerminationCheckpoint in CCTK_TERMINATE" (maximum)",""[0147] LoopControl: lc_statistics_terminate in CCTK_TERMINATE" (average)",""[0147] LoopControl: lc_statistics_terminate in CCTK_TERMINATE" (minimum)",""[0147] LoopControl: lc_statistics_terminate in CCTK_TERMINATE" (maximum)",""[0148] MoL: MoL_FreeIndexArrays in CCTK_TERMINATE" (average)",""[0148] MoL: MoL_FreeIndexArrays in CCTK_TERMINATE" (minimum)",""[0148] MoL: MoL_FreeIndexArrays in CCTK_TERMINATE" (maximum)",""[0149] TimerReport: zzz_TimerReport_Output in CCTK_TERMINATE" (average)",""[0149] TimerReport: zzz_TimerReport_Output in CCTK_TERMINATE" (minimum)",""[0149] TimerReport: zzz_TimerReport_Output in CCTK_TERMINATE" (maximum)",""main" (average)",""main" (minimum)",""main" (maximum)",""main/CarpetStartup" (average)",""main/CarpetStartup" (minimum)",""main/CarpetStartup" (maximum)",""main/CarpetStartup/AllocateGridHierarchy" (average)",""main/CarpetStartup/AllocateGridHierarchy" (minimum)",""main/CarpetStartup/AllocateGridHierarchy" (maximum)",""main/CarpetStartup/CarpetLib::dh::recompose" (average)",""main/CarpetStartup/CarpetLib::dh::recompose" (minimum)",""main/CarpetStartup/CarpetLib::dh::recompose" (maximum)",""main/CarpetStartup/CarpetLib::dh::regrid" (average)",""main/CarpetStartup/CarpetLib::dh::regrid" (minimum)",""main/CarpetStartup/CarpetLib::dh::regrid" (maximum)",""main/CarpetStartup/CarpetLib::gh::regrid" (average)",""main/CarpetStartup/CarpetLib::gh::regrid" (minimum)",""main/CarpetStartup/CarpetLib::gh::regrid" (maximum)",""main/CarpetStartup/CarpetLib::gh::regrid/CarpetLib::dh::regrid" (average)",""main/CarpetStartup/CarpetLib::gh::regrid/CarpetLib::dh::regrid" (minimum)",""main/CarpetStartup/CarpetLib::gh::regrid/CarpetLib::dh::regrid" (maximum)",""main/CarpetStartup/CarpetLib::gh::regrid/CarpetLib::dh::regrid/bcast_boxes" (average)",""main/CarpetStartup/CarpetLib::gh::regrid/CarpetLib::dh::regrid/bcast_boxes" (minimum)",""main/CarpetStartup/CarpetLib::gh::regrid/CarpetLib::dh::regrid/bcast_boxes" (maximum)",""main/CarpetStartup/CarpetLib::gh::regrid/CarpetLib::dh::regrid/bcast_comm" (average)",""main/CarpetStartup/CarpetLib::gh::regrid/CarpetLib::dh::regrid/bcast_comm" (minimum)",""main/CarpetStartup/CarpetLib::gh::regrid/CarpetLib::dh::regrid/bcast_comm" (maximum)",""main/CarpetStartup/CarpetLib::gh::regrid/CarpetLib::dh::regrid/bcast_comm/old2new_ref_prol" (average)",""main/CarpetStartup/CarpetLib::gh::regrid/CarpetLib::dh::regrid/bcast_comm/old2new_ref_prol" (minimum)",""main/CarpetStartup/CarpetLib::gh::regrid/CarpetLib::dh::regrid/bcast_comm/old2new_ref_prol" (maximum)",""main/CarpetStartup/CarpetLib::gh::regrid/CarpetLib::dh::regrid/bcast_comm/old2new_ref_prol/CarpetLib" (average)",""main/CarpetStartup/CarpetLib::gh::regrid/CarpetLib::dh::regrid/bcast_comm/old2new_ref_prol/CarpetLib" (minimum)",""main/CarpetStartup/CarpetLib::gh::regrid/CarpetLib::dh::regrid/bcast_comm/old2new_ref_prol/CarpetLib" (maximum)",""main/CarpetStartup/CarpetLib::gh::regrid/CarpetLib::dh::regrid/bcast_comm/old2new_sync" (average)",""main/CarpetStartup/CarpetLib::gh::regrid/CarpetLib::dh::regrid/bcast_comm/old2new_sync" (minimum)",""main/CarpetStartup/CarpetLib::gh::regrid/CarpetLib::dh::regrid/bcast_comm/old2new_sync" (maximum)",""main/CarpetStartup/CarpetLib::gh::regrid/CarpetLib::dh::regrid/bcast_comm/old2new_sync/CarpetLib::dh" (average)",""main/CarpetStartup/CarpetLib::gh::regrid/CarpetLib::dh::regrid/bcast_comm/old2new_sync/CarpetLib::dh" (minimum)",""main/CarpetStartup/CarpetLib::gh::regrid/CarpetLib::dh::regrid/bcast_comm/old2new_sync/CarpetLib::dh" (maximum)",""main/CarpetStartup/CarpetLib::gh::regrid/CarpetLib::dh::regrid/bcast_comm/ref_bnd_prol" (average)",""main/CarpetStartup/CarpetLib::gh::regrid/CarpetLib::dh::regrid/bcast_comm/ref_bnd_prol" (minimum)",""main/CarpetStartup/CarpetLib::gh::regrid/CarpetLib::dh::regrid/bcast_comm/ref_bnd_prol" (maximum)",""main/CarpetStartup/CarpetLib::gh::regrid/CarpetLib::dh::regrid/bcast_comm/ref_bnd_prol/CarpetLib::dh" (average)",""main/CarpetStartup/CarpetLib::gh::regrid/CarpetLib::dh::regrid/bcast_comm/ref_bnd_prol/CarpetLib::dh" (minimum)",""main/CarpetStartup/CarpetLib::gh::regrid/CarpetLib::dh::regrid/bcast_comm/ref_bnd_prol/CarpetLib::dh" (maximum)",""main/CarpetStartup/CarpetLib::gh::regrid/CarpetLib::dh::regrid/bcast_comm/ref_prol" (average)",""main/CarpetStartup/CarpetLib::gh::regrid/CarpetLib::dh::regrid/bcast_comm/ref_prol" (minimum)",""main/CarpetStartup/CarpetLib::gh::regrid/CarpetLib::dh::regrid/bcast_comm/ref_prol" (maximum)",""main/CarpetStartup/CarpetLib::gh::regrid/CarpetLib::dh::regrid/bcast_comm/ref_prol/CarpetLib::dh::bs" (average)",""main/CarpetStartup/CarpetLib::gh::regrid/CarpetLib::dh::regrid/bcast_comm/ref_prol/CarpetLib::dh::bs" (minimum)",""main/CarpetStartup/CarpetLib::gh::regrid/CarpetLib::dh::regrid/bcast_comm/ref_prol/CarpetLib::dh::bs" (maximum)",""main/CarpetStartup/CarpetLib::gh::regrid/CarpetLib::dh::regrid/bcast_comm/ref_refl_prol" (average)",""main/CarpetStartup/CarpetLib::gh::regrid/CarpetLib::dh::regrid/bcast_comm/ref_refl_prol" (minimum)",""main/CarpetStartup/CarpetLib::gh::regrid/CarpetLib::dh::regrid/bcast_comm/ref_refl_prol" (maximum)",""main/CarpetStartup/CarpetLib::gh::regrid/CarpetLib::dh::regrid/bcast_comm/ref_refl_prol/CarpetLib::d" (average)",""main/CarpetStartup/CarpetLib::gh::regrid/CarpetLib::dh::regrid/bcast_comm/ref_refl_prol/CarpetLib::d" (minimum)",""main/CarpetStartup/CarpetLib::gh::regrid/CarpetLib::dh::regrid/bcast_comm/ref_refl_prol/CarpetLib::d" (maximum)",""main/CarpetStartup/CarpetLib::gh::regrid/CarpetLib::dh::regrid/bcast_comm/sync" (average)",""main/CarpetStartup/CarpetLib::gh::regrid/CarpetLib::dh::regrid/bcast_comm/sync" (minimum)",""main/CarpetStartup/CarpetLib::gh::regrid/CarpetLib::dh::regrid/bcast_comm/sync" (maximum)",""main/CarpetStartup/CarpetLib::gh::regrid/CarpetLib::dh::regrid/bcast_comm/sync/CarpetLib::dh::bs1" (average)",""main/CarpetStartup/CarpetLib::gh::regrid/CarpetLib::dh::regrid/bcast_comm/sync/CarpetLib::dh::bs1" (minimum)",""main/CarpetStartup/CarpetLib::gh::regrid/CarpetLib::dh::regrid/bcast_comm/sync/CarpetLib::dh::bs1" (maximum)",""main/CarpetStartup/CarpetLib::gh::regrid/CarpetLib::dh::regrid/bcast_comm/sync/CarpetLib::dh::bs2" (average)",""main/CarpetStartup/CarpetLib::gh::regrid/CarpetLib::dh::regrid/bcast_comm/sync/CarpetLib::dh::bs2" (minimum)",""main/CarpetStartup/CarpetLib::gh::regrid/CarpetLib::dh::regrid/bcast_comm/sync/CarpetLib::dh::bs2" (maximum)",""main/CarpetStartup/CarpetLib::gh::regrid/CarpetLib::dh::regrid/bcast_comm/sync/CarpetLib::dh::bs3" (average)",""main/CarpetStartup/CarpetLib::gh::regrid/CarpetLib::dh::regrid/bcast_comm/sync/CarpetLib::dh::bs3" (minimum)",""main/CarpetStartup/CarpetLib::gh::regrid/CarpetLib::dh::regrid/bcast_comm/sync/CarpetLib::dh::bs3" (maximum)",""main/CarpetStartup/CarpetLib::gh::regrid/CarpetLib::dh::regrid/buffers" (average)",""main/CarpetStartup/CarpetLib::gh::regrid/CarpetLib::dh::regrid/buffers" (minimum)",""main/CarpetStartup/CarpetLib::gh::regrid/CarpetLib::dh::regrid/buffers" (maximum)",""main/CarpetStartup/CarpetLib::gh::regrid/CarpetLib::dh::regrid/comm" (average)",""main/CarpetStartup/CarpetLib::gh::regrid/CarpetLib::dh::regrid/comm" (minimum)",""main/CarpetStartup/CarpetLib::gh::regrid/CarpetLib::dh::regrid/comm" (maximum)",""main/CarpetStartup/CarpetLib::gh::regrid/CarpetLib::dh::regrid/comm/mgprol" (average)",""main/CarpetStartup/CarpetLib::gh::regrid/CarpetLib::dh::regrid/comm/mgprol" (minimum)",""main/CarpetStartup/CarpetLib::gh::regrid/CarpetLib::dh::regrid/comm/mgprol" (maximum)",""main/CarpetStartup/CarpetLib::gh::regrid/CarpetLib::dh::regrid/comm/mgrest" (average)",""main/CarpetStartup/CarpetLib::gh::regrid/CarpetLib::dh::regrid/comm/mgrest" (minimum)",""main/CarpetStartup/CarpetLib::gh::regrid/CarpetLib::dh::regrid/comm/mgrest" (maximum)",""main/CarpetStartup/CarpetLib::gh::regrid/CarpetLib::dh::regrid/comm/refbndprol" (average)",""main/CarpetStartup/CarpetLib::gh::regrid/CarpetLib::dh::regrid/comm/refbndprol" (minimum)",""main/CarpetStartup/CarpetLib::gh::regrid/CarpetLib::dh::regrid/comm/refbndprol" (maximum)",""main/CarpetStartup/CarpetLib::gh::regrid/CarpetLib::dh::regrid/comm/reflux" (average)",""main/CarpetStartup/CarpetLib::gh::regrid/CarpetLib::dh::regrid/comm/reflux" (minimum)",""main/CarpetStartup/CarpetLib::gh::regrid/CarpetLib::dh::regrid/comm/reflux" (maximum)",""main/CarpetStartup/CarpetLib::gh::regrid/CarpetLib::dh::regrid/comm/refprol" (average)",""main/CarpetStartup/CarpetLib::gh::regrid/CarpetLib::dh::regrid/comm/refprol" (minimum)",""main/CarpetStartup/CarpetLib::gh::regrid/CarpetLib::dh::regrid/comm/refprol" (maximum)",""main/CarpetStartup/CarpetLib::gh::regrid/CarpetLib::dh::regrid/comm/refrest" (average)",""main/CarpetStartup/CarpetLib::gh::regrid/CarpetLib::dh::regrid/comm/refrest" (minimum)",""main/CarpetStartup/CarpetLib::gh::regrid/CarpetLib::dh::regrid/comm/refrest" (maximum)",""main/CarpetStartup/CarpetLib::gh::regrid/CarpetLib::dh::regrid/comm/sync" (average)",""main/CarpetStartup/CarpetLib::gh::regrid/CarpetLib::dh::regrid/comm/sync" (minimum)",""main/CarpetStartup/CarpetLib::gh::regrid/CarpetLib::dh::regrid/comm/sync" (maximum)",""main/CarpetStartup/CarpetLib::gh::regrid/CarpetLib::dh::regrid/domain" (average)",""main/CarpetStartup/CarpetLib::gh::regrid/CarpetLib::dh::regrid/domain" (minimum)",""main/CarpetStartup/CarpetLib::gh::regrid/CarpetLib::dh::regrid/domain" (maximum)",""main/CarpetStartup/CarpetLib::gh::regrid/CarpetLib::dh::regrid/mask" (average)",""main/CarpetStartup/CarpetLib::gh::regrid/CarpetLib::dh::regrid/mask" (minimum)",""main/CarpetStartup/CarpetLib::gh::regrid/CarpetLib::dh::regrid/mask" (maximum)",""main/CarpetStartup/CarpetLib::gh::regrid/CarpetLib::dh::regrid/region" (average)",""main/CarpetStartup/CarpetLib::gh::regrid/CarpetLib::dh::regrid/region" (minimum)",""main/CarpetStartup/CarpetLib::gh::regrid/CarpetLib::dh::regrid/region" (maximum)",""main/CarpetStartup/CarpetLib::gh::regrid/CarpetLib::dh::regrid/test" (average)",""main/CarpetStartup/CarpetLib::gh::regrid/CarpetLib::dh::regrid/test" (minimum)",""main/CarpetStartup/CarpetLib::gh::regrid/CarpetLib::dh::regrid/test" (maximum)",""main/CarpetStartup/CarpetLib::gh::regrid/CarpetLib::dh::regrid/unusedpoints_mask" (average)",""main/CarpetStartup/CarpetLib::gh::regrid/CarpetLib::dh::regrid/unusedpoints_mask" (minimum)",""main/CarpetStartup/CarpetLib::gh::regrid/CarpetLib::dh::regrid/unusedpoints_mask" (maximum)",""main/CarpetStartup/CheckRegions" (average)",""main/CarpetStartup/CheckRegions" (minimum)",""main/CarpetStartup/CheckRegions" (maximum)",""main/Evolve" (average)",""main/Evolve" (minimum)",""main/Evolve" (maximum)",""main/Evolve/AdvanceTime" (average)",""main/Evolve/AdvanceTime" (minimum)",""main/Evolve/AdvanceTime" (maximum)",""main/Evolve/CallAnalysis" (average)",""main/Evolve/CallAnalysis" (minimum)",""main/Evolve/CallAnalysis" (maximum)",""main/Evolve/CallAnalysis/CCTK_ANALYSIS" (average)",""main/Evolve/CallAnalysis/CCTK_ANALYSIS" (minimum)",""main/Evolve/CallAnalysis/CCTK_ANALYSIS" (maximum)",""main/Evolve/CallAnalysis/CCTK_ANALYSIS/CallFunction" (average)",""main/Evolve/CallAnalysis/CCTK_ANALYSIS/CallFunction" (minimum)",""main/Evolve/CallAnalysis/CCTK_ANALYSIS/CallFunction" (maximum)",""main/Evolve/CallAnalysis/CCTK_ANALYSIS/CallFunction/thorns" (average)",""main/Evolve/CallAnalysis/CCTK_ANALYSIS/CallFunction/thorns" (minimum)",""main/Evolve/CallAnalysis/CCTK_ANALYSIS/CallFunction/thorns" (maximum)",""main/Evolve/CallAnalysis/CCTK_ANALYSIS/CallFunction/thorns/CarpetLib_printmemstats" (average)",""main/Evolve/CallAnalysis/CCTK_ANALYSIS/CallFunction/thorns/CarpetLib_printmemstats" (minimum)",""main/Evolve/CallAnalysis/CCTK_ANALYSIS/CallFunction/thorns/CarpetLib_printmemstats" (maximum)",""main/Evolve/CallAnalysis/CCTK_ANALYSIS/CallFunction/thorns/CarpetLib_printtimestats" (average)",""main/Evolve/CallAnalysis/CCTK_ANALYSIS/CallFunction/thorns/CarpetLib_printtimestats" (minimum)",""main/Evolve/CallAnalysis/CCTK_ANALYSIS/CallFunction/thorns/CarpetLib_printtimestats" (maximum)",""main/Evolve/CallAnalysis/CCTK_ANALYSIS/CallFunction/thorns/lc_statistics_analysis" (average)",""main/Evolve/CallAnalysis/CCTK_ANALYSIS/CallFunction/thorns/lc_statistics_analysis" (minimum)",""main/Evolve/CallAnalysis/CCTK_ANALYSIS/CallFunction/thorns/lc_statistics_analysis" (maximum)",""main/Evolve/CallAnalysis/CCTK_ANALYSIS/CallFunction/thorns/zzz_TimerReport_Output" (average)",""main/Evolve/CallAnalysis/CCTK_ANALYSIS/CallFunction/thorns/zzz_TimerReport_Output" (minimum)",""main/Evolve/CallAnalysis/CCTK_ANALYSIS/CallFunction/thorns/zzz_TimerReport_Output" (maximum)",""main/Evolve/CallAnalysis/CCTK_CHECKPOINT" (average)",""main/Evolve/CallAnalysis/CCTK_CHECKPOINT" (minimum)",""main/Evolve/CallAnalysis/CCTK_CHECKPOINT" (maximum)",""main/Evolve/CallAnalysis/CCTK_CHECKPOINT/CallFunction" (average)",""main/Evolve/CallAnalysis/CCTK_CHECKPOINT/CallFunction" (minimum)",""main/Evolve/CallAnalysis/CCTK_CHECKPOINT/CallFunction" (maximum)",""main/Evolve/CallAnalysis/CCTK_CHECKPOINT/CallFunction/thorns" (average)",""main/Evolve/CallAnalysis/CCTK_CHECKPOINT/CallFunction/thorns" (minimum)",""main/Evolve/CallAnalysis/CCTK_CHECKPOINT/CallFunction/thorns" (maximum)",""main/Evolve/CallAnalysis/CCTK_CHECKPOINT/CallFunction/thorns/CarpetIOHDF5_EvolutionCheckpoint" (average)",""main/Evolve/CallAnalysis/CCTK_CHECKPOINT/CallFunction/thorns/CarpetIOHDF5_EvolutionCheckpoint" (minimum)",""main/Evolve/CallAnalysis/CCTK_CHECKPOINT/CallFunction/thorns/CarpetIOHDF5_EvolutionCheckpoint" (maximum)",""main/Evolve/CallAnalysis/CCTK_CHECKPOINT/CallFunction/thorns/zzz_TimerReport_Checkpoint" (average)",""main/Evolve/CallAnalysis/CCTK_CHECKPOINT/CallFunction/thorns/zzz_TimerReport_Checkpoint" (minimum)",""main/Evolve/CallAnalysis/CCTK_CHECKPOINT/CallFunction/thorns/zzz_TimerReport_Checkpoint" (maximum)",""main/Evolve/CallAnalysis/CCTK_POSTSTEP" (average)",""main/Evolve/CallAnalysis/CCTK_POSTSTEP" (minimum)",""main/Evolve/CallAnalysis/CCTK_POSTSTEP" (maximum)",""main/Evolve/CallAnalysis/OutputGH" (average)",""main/Evolve/CallAnalysis/OutputGH" (minimum)",""main/Evolve/CallAnalysis/OutputGH" (maximum)",""main/Evolve/CallAnalysis/OutputGH/OutputGH" (average)",""main/Evolve/CallAnalysis/OutputGH/OutputGH" (minimum)",""main/Evolve/CallAnalysis/OutputGH/OutputGH" (maximum)",""main/Evolve/CallAnalysis/OutputGH/OutputGH/IOASCII::IOASCII_0D [0]" (average)",""main/Evolve/CallAnalysis/OutputGH/OutputGH/IOASCII::IOASCII_0D [0]" (minimum)",""main/Evolve/CallAnalysis/OutputGH/OutputGH/IOASCII::IOASCII_0D [0]" (maximum)",""main/Evolve/CallAnalysis/OutputGH/OutputGH/IOASCII::IOASCII_0D [0]/OutputGH<0>" (average)",""main/Evolve/CallAnalysis/OutputGH/OutputGH/IOASCII::IOASCII_0D [0]/OutputGH<0>" (minimum)",""main/Evolve/CallAnalysis/OutputGH/OutputGH/IOASCII::IOASCII_0D [0]/OutputGH<0>" (maximum)",""main/Evolve/CallAnalysis/OutputGH/OutputGH/IOASCII::IOASCII_1D [1]" (average)",""main/Evolve/CallAnalysis/OutputGH/OutputGH/IOASCII::IOASCII_1D [1]" (minimum)",""main/Evolve/CallAnalysis/OutputGH/OutputGH/IOASCII::IOASCII_1D [1]" (maximum)",""main/Evolve/CallAnalysis/OutputGH/OutputGH/IOASCII::IOASCII_1D [1]/OutputGH<1>" (average)",""main/Evolve/CallAnalysis/OutputGH/OutputGH/IOASCII::IOASCII_1D [1]/OutputGH<1>" (minimum)",""main/Evolve/CallAnalysis/OutputGH/OutputGH/IOASCII::IOASCII_1D [1]/OutputGH<1>" (maximum)",""main/Evolve/CallAnalysis/OutputGH/OutputGH/IOASCII::IOASCII_2D [2]" (average)",""main/Evolve/CallAnalysis/OutputGH/OutputGH/IOASCII::IOASCII_2D [2]" (minimum)",""main/Evolve/CallAnalysis/OutputGH/OutputGH/IOASCII::IOASCII_2D [2]" (maximum)",""main/Evolve/CallAnalysis/OutputGH/OutputGH/IOASCII::IOASCII_2D [2]/OutputGH<2>" (average)",""main/Evolve/CallAnalysis/OutputGH/OutputGH/IOASCII::IOASCII_2D [2]/OutputGH<2>" (minimum)",""main/Evolve/CallAnalysis/OutputGH/OutputGH/IOASCII::IOASCII_2D [2]/OutputGH<2>" (maximum)",""main/Evolve/CallAnalysis/OutputGH/OutputGH/IOASCII::IOASCII_3D [3]" (average)",""main/Evolve/CallAnalysis/OutputGH/OutputGH/IOASCII::IOASCII_3D [3]" (minimum)",""main/Evolve/CallAnalysis/OutputGH/OutputGH/IOASCII::IOASCII_3D [3]" (maximum)",""main/Evolve/CallAnalysis/OutputGH/OutputGH/IOASCII::IOASCII_3D [3]/OutputGH<3>" (average)",""main/Evolve/CallAnalysis/OutputGH/OutputGH/IOASCII::IOASCII_3D [3]/OutputGH<3>" (minimum)",""main/Evolve/CallAnalysis/OutputGH/OutputGH/IOASCII::IOASCII_3D [3]/OutputGH<3>" (maximum)",""main/Evolve/CallAnalysis/OutputGH/OutputGH/IOBasic::CarpetIOBasic [4]" (average)",""main/Evolve/CallAnalysis/OutputGH/OutputGH/IOBasic::CarpetIOBasic [4]" (minimum)",""main/Evolve/CallAnalysis/OutputGH/OutputGH/IOBasic::CarpetIOBasic [4]" (maximum)",""main/Evolve/CallAnalysis/OutputGH/OutputGH/IOBasic::CarpetIOBasic [4]/OutputGH" (average)",""main/Evolve/CallAnalysis/OutputGH/OutputGH/IOBasic::CarpetIOBasic [4]/OutputGH" (minimum)",""main/Evolve/CallAnalysis/OutputGH/OutputGH/IOBasic::CarpetIOBasic [4]/OutputGH" (maximum)",""main/Evolve/CallAnalysis/OutputGH/OutputGH/IOHDF5::IOHDF5 [10]" (average)",""main/Evolve/CallAnalysis/OutputGH/OutputGH/IOHDF5::IOHDF5 [10]" (minimum)",""main/Evolve/CallAnalysis/OutputGH/OutputGH/IOHDF5::IOHDF5 [10]" (maximum)",""main/Evolve/CallAnalysis/OutputGH/OutputGH/IOHDF5::IOHDF5 [10]/OutputGH" (average)",""main/Evolve/CallAnalysis/OutputGH/OutputGH/IOHDF5::IOHDF5 [10]/OutputGH" (minimum)",""main/Evolve/CallAnalysis/OutputGH/OutputGH/IOHDF5::IOHDF5 [10]/OutputGH" (maximum)",""main/Evolve/CallAnalysis/OutputGH/OutputGH/IOHDF5::IOHDF5_0D [5]" (average)",""main/Evolve/CallAnalysis/OutputGH/OutputGH/IOHDF5::IOHDF5_0D [5]" (minimum)",""main/Evolve/CallAnalysis/OutputGH/OutputGH/IOHDF5::IOHDF5_0D [5]" (maximum)",""main/Evolve/CallAnalysis/OutputGH/OutputGH/IOHDF5::IOHDF5_0D [5]/OutputGH<0>" (average)",""main/Evolve/CallAnalysis/OutputGH/OutputGH/IOHDF5::IOHDF5_0D [5]/OutputGH<0>" (minimum)",""main/Evolve/CallAnalysis/OutputGH/OutputGH/IOHDF5::IOHDF5_0D [5]/OutputGH<0>" (maximum)",""main/Evolve/CallAnalysis/OutputGH/OutputGH/IOHDF5::IOHDF5_1D [6]" (average)",""main/Evolve/CallAnalysis/OutputGH/OutputGH/IOHDF5::IOHDF5_1D [6]" (minimum)",""main/Evolve/CallAnalysis/OutputGH/OutputGH/IOHDF5::IOHDF5_1D [6]" (maximum)",""main/Evolve/CallAnalysis/OutputGH/OutputGH/IOHDF5::IOHDF5_1D [6]/OutputGH<1>" (average)",""main/Evolve/CallAnalysis/OutputGH/OutputGH/IOHDF5::IOHDF5_1D [6]/OutputGH<1>" (minimum)",""main/Evolve/CallAnalysis/OutputGH/OutputGH/IOHDF5::IOHDF5_1D [6]/OutputGH<1>" (maximum)",""main/Evolve/CallAnalysis/OutputGH/OutputGH/IOHDF5::IOHDF5_2D [7]" (average)",""main/Evolve/CallAnalysis/OutputGH/OutputGH/IOHDF5::IOHDF5_2D [7]" (minimum)",""main/Evolve/CallAnalysis/OutputGH/OutputGH/IOHDF5::IOHDF5_2D [7]" (maximum)",""main/Evolve/CallAnalysis/OutputGH/OutputGH/IOHDF5::IOHDF5_2D [7]/OutputGH<2>" (average)",""main/Evolve/CallAnalysis/OutputGH/OutputGH/IOHDF5::IOHDF5_2D [7]/OutputGH<2>" (minimum)",""main/Evolve/CallAnalysis/OutputGH/OutputGH/IOHDF5::IOHDF5_2D [7]/OutputGH<2>" (maximum)",""main/Evolve/CallAnalysis/OutputGH/OutputGH/IOHDF5::IOHDF5_3D [8]" (average)",""main/Evolve/CallAnalysis/OutputGH/OutputGH/IOHDF5::IOHDF5_3D [8]" (minimum)",""main/Evolve/CallAnalysis/OutputGH/OutputGH/IOHDF5::IOHDF5_3D [8]" (maximum)",""main/Evolve/CallAnalysis/OutputGH/OutputGH/IOHDF5::IOHDF5_3D [8]/OutputGH<3>" (average)",""main/Evolve/CallAnalysis/OutputGH/OutputGH/IOHDF5::IOHDF5_3D [8]/OutputGH<3>" (minimum)",""main/Evolve/CallAnalysis/OutputGH/OutputGH/IOHDF5::IOHDF5_3D [8]/OutputGH<3>" (maximum)",""main/Evolve/CallAnalysis/OutputGH/OutputGH/IOScalar::CarpetIOScalar [9]" (average)",""main/Evolve/CallAnalysis/OutputGH/OutputGH/IOScalar::CarpetIOScalar [9]" (minimum)",""main/Evolve/CallAnalysis/OutputGH/OutputGH/IOScalar::CarpetIOScalar [9]" (maximum)",""main/Evolve/CallAnalysis/OutputGH/OutputGH/IOScalar::CarpetIOScalar [9]/OutputGH" (average)",""main/Evolve/CallAnalysis/OutputGH/OutputGH/IOScalar::CarpetIOScalar [9]/OutputGH" (minimum)",""main/Evolve/CallAnalysis/OutputGH/OutputGH/IOScalar::CarpetIOScalar [9]/OutputGH" (maximum)",""main/Evolve/CallEvol" (average)",""main/Evolve/CallEvol" (minimum)",""main/Evolve/CallEvol" (maximum)",""main/Evolve/CallEvol/CCTK_EVOL" (average)",""main/Evolve/CallEvol/CCTK_EVOL" (minimum)",""main/Evolve/CallEvol/CCTK_EVOL" (maximum)",""main/Evolve/CallEvol/CCTK_EVOL/CallFunction" (average)",""main/Evolve/CallEvol/CCTK_EVOL/CallFunction" (minimum)",""main/Evolve/CallEvol/CCTK_EVOL/CallFunction" (maximum)",""main/Evolve/CallEvol/CCTK_EVOL/CallFunction/syncs" (average)",""main/Evolve/CallEvol/CCTK_EVOL/CallFunction/syncs" (minimum)",""main/Evolve/CallEvol/CCTK_EVOL/CallFunction/syncs" (maximum)",""main/Evolve/CallEvol/CCTK_EVOL/CallFunction/syncs/Prolongate" (average)",""main/Evolve/CallEvol/CCTK_EVOL/CallFunction/syncs/Prolongate" (minimum)",""main/Evolve/CallEvol/CCTK_EVOL/CallFunction/syncs/Prolongate" (maximum)",""main/Evolve/CallEvol/CCTK_EVOL/CallFunction/syncs/Sync" (average)",""main/Evolve/CallEvol/CCTK_EVOL/CallFunction/syncs/Sync" (minimum)",""main/Evolve/CallEvol/CCTK_EVOL/CallFunction/syncs/Sync" (maximum)",""main/Evolve/CallEvol/CCTK_EVOL/CallFunction/syncs/Sync/comm_state[0].create" (average)",""main/Evolve/CallEvol/CCTK_EVOL/CallFunction/syncs/Sync/comm_state[0].create" (minimum)",""main/Evolve/CallEvol/CCTK_EVOL/CallFunction/syncs/Sync/comm_state[0].create" (maximum)",""main/Evolve/CallEvol/CCTK_EVOL/CallFunction/syncs/Sync/comm_state[1].state_get_buffer_sizes.user" (average)",""main/Evolve/CallEvol/CCTK_EVOL/CallFunction/syncs/Sync/comm_state[1].state_get_buffer_sizes.user" (minimum)",""main/Evolve/CallEvol/CCTK_EVOL/CallFunction/syncs/Sync/comm_state[1].state_get_buffer_sizes.user" (maximum)",""main/Evolve/CallEvol/CCTK_EVOL/CallFunction/syncs/Sync/comm_state[2].state_get_buffer_sizes.step" (average)",""main/Evolve/CallEvol/CCTK_EVOL/CallFunction/syncs/Sync/comm_state[2].state_get_buffer_sizes.step" (minimum)",""main/Evolve/CallEvol/CCTK_EVOL/CallFunction/syncs/Sync/comm_state[2].state_get_buffer_sizes.step" (maximum)",""main/Evolve/CallEvol/CCTK_EVOL/CallFunction/syncs/Sync/comm_state[3].state_fill_send_buffers.user" (average)",""main/Evolve/CallEvol/CCTK_EVOL/CallFunction/syncs/Sync/comm_state[3].state_fill_send_buffers.user" (minimum)",""main/Evolve/CallEvol/CCTK_EVOL/CallFunction/syncs/Sync/comm_state[3].state_fill_send_buffers.user" (maximum)",""main/Evolve/CallEvol/CCTK_EVOL/CallFunction/syncs/Sync/comm_state[4].state_fill_send_buffers.step" (average)",""main/Evolve/CallEvol/CCTK_EVOL/CallFunction/syncs/Sync/comm_state[4].state_fill_send_buffers.step" (minimum)",""main/Evolve/CallEvol/CCTK_EVOL/CallFunction/syncs/Sync/comm_state[4].state_fill_send_buffers.step" (maximum)",""main/Evolve/CallEvol/CCTK_EVOL/CallFunction/syncs/Sync/comm_state[5].state_do_some_work.user" (average)",""main/Evolve/CallEvol/CCTK_EVOL/CallFunction/syncs/Sync/comm_state[5].state_do_some_work.user" (minimum)",""main/Evolve/CallEvol/CCTK_EVOL/CallFunction/syncs/Sync/comm_state[5].state_do_some_work.user" (maximum)",""main/Evolve/CallEvol/CCTK_EVOL/CallFunction/syncs/Sync/comm_state[6].state_do_some_work.step" (average)",""main/Evolve/CallEvol/CCTK_EVOL/CallFunction/syncs/Sync/comm_state[6].state_do_some_work.step" (minimum)",""main/Evolve/CallEvol/CCTK_EVOL/CallFunction/syncs/Sync/comm_state[6].state_do_some_work.step" (maximum)",""main/Evolve/CallEvol/CCTK_EVOL/CallFunction/syncs/Sync/comm_state[7].state_empty_recv_buffers.user" (average)",""main/Evolve/CallEvol/CCTK_EVOL/CallFunction/syncs/Sync/comm_state[7].state_empty_recv_buffers.user" (minimum)",""main/Evolve/CallEvol/CCTK_EVOL/CallFunction/syncs/Sync/comm_state[7].state_empty_recv_buffers.user" (maximum)",""main/Evolve/CallEvol/CCTK_EVOL/CallFunction/syncs/Sync/comm_state[8].state_empty_recv_buffers.step" (average)",""main/Evolve/CallEvol/CCTK_EVOL/CallFunction/syncs/Sync/comm_state[8].state_empty_recv_buffers.step" (minimum)",""main/Evolve/CallEvol/CCTK_EVOL/CallFunction/syncs/Sync/comm_state[8].state_empty_recv_buffers.step" (maximum)",""main/Evolve/CallEvol/CCTK_EVOL/CallFunction/thorns" (average)",""main/Evolve/CallEvol/CCTK_EVOL/CallFunction/thorns" (minimum)",""main/Evolve/CallEvol/CCTK_EVOL/CallFunction/thorns" (maximum)",""main/Evolve/CallEvol/CCTK_EVOL/CallFunction/thorns/ADMBase_Boundaries" (average)",""main/Evolve/CallEvol/CCTK_EVOL/CallFunction/thorns/ADMBase_Boundaries" (minimum)",""main/Evolve/CallEvol/CCTK_EVOL/CallFunction/thorns/ADMBase_Boundaries" (maximum)",""main/Evolve/CallEvol/CCTK_EVOL/CallFunction/thorns/ADMConstraints" (average)",""main/Evolve/CallEvol/CCTK_EVOL/CallFunction/thorns/ADMConstraints" (minimum)",""main/Evolve/CallEvol/CCTK_EVOL/CallFunction/thorns/ADMConstraints" (maximum)",""main/Evolve/CallEvol/CCTK_EVOL/CallFunction/thorns/ADMConstraints_Boundaries" (average)",""main/Evolve/CallEvol/CCTK_EVOL/CallFunction/thorns/ADMConstraints_Boundaries" (minimum)",""main/Evolve/CallEvol/CCTK_EVOL/CallFunction/thorns/ADMConstraints_Boundaries" (maximum)",""main/Evolve/CallEvol/CCTK_EVOL/CallFunction/thorns/Boundary_ApplyPhysicalBCs" (average)",""main/Evolve/CallEvol/CCTK_EVOL/CallFunction/thorns/Boundary_ApplyPhysicalBCs" (minimum)",""main/Evolve/CallEvol/CCTK_EVOL/CallFunction/thorns/Boundary_ApplyPhysicalBCs" (maximum)",""main/Evolve/CallEvol/CCTK_EVOL/CallFunction/thorns/Boundary_ClearSelection" (average)",""main/Evolve/CallEvol/CCTK_EVOL/CallFunction/thorns/Boundary_ClearSelection" (minimum)",""main/Evolve/CallEvol/CCTK_EVOL/CallFunction/thorns/Boundary_ClearSelection" (maximum)",""main/Evolve/CallEvol/CCTK_EVOL/CallFunction/thorns/CartGrid3D_ApplyBC" (average)",""main/Evolve/CallEvol/CCTK_EVOL/CallFunction/thorns/CartGrid3D_ApplyBC" (minimum)",""main/Evolve/CallEvol/CCTK_EVOL/CallFunction/thorns/CartGrid3D_ApplyBC" (maximum)",""main/Evolve/CallEvol/CCTK_EVOL/CallFunction/thorns/ML_BSSN_ADMBaseBoundaryScalar" (average)",""main/Evolve/CallEvol/CCTK_EVOL/CallFunction/thorns/ML_BSSN_ADMBaseBoundaryScalar" (minimum)",""main/Evolve/CallEvol/CCTK_EVOL/CallFunction/thorns/ML_BSSN_ADMBaseBoundaryScalar" (maximum)",""main/Evolve/CallEvol/CCTK_EVOL/CallFunction/thorns/ML_BSSN_ADMBaseEverywhere" (average)",""main/Evolve/CallEvol/CCTK_EVOL/CallFunction/thorns/ML_BSSN_ADMBaseEverywhere" (minimum)",""main/Evolve/CallEvol/CCTK_EVOL/CallFunction/thorns/ML_BSSN_ADMBaseEverywhere" (maximum)",""main/Evolve/CallEvol/CCTK_EVOL/CallFunction/thorns/ML_BSSN_ADMBaseInterior" (average)",""main/Evolve/CallEvol/CCTK_EVOL/CallFunction/thorns/ML_BSSN_ADMBaseInterior" (minimum)",""main/Evolve/CallEvol/CCTK_EVOL/CallFunction/thorns/ML_BSSN_ADMBaseInterior" (maximum)",""main/Evolve/CallEvol/CCTK_EVOL/CallFunction/thorns/ML_BSSN_ADMBase_SelectBCs" (average)",""main/Evolve/CallEvol/CCTK_EVOL/CallFunction/thorns/ML_BSSN_ADMBase_SelectBCs" (minimum)",""main/Evolve/CallEvol/CCTK_EVOL/CallFunction/thorns/ML_BSSN_ADMBase_SelectBCs" (maximum)",""main/Evolve/CallEvol/CCTK_EVOL/CallFunction/thorns/ML_BSSN_ConstraintsEverywhere" (average)",""main/Evolve/CallEvol/CCTK_EVOL/CallFunction/thorns/ML_BSSN_ConstraintsEverywhere" (minimum)",""main/Evolve/CallEvol/CCTK_EVOL/CallFunction/thorns/ML_BSSN_ConstraintsEverywhere" (maximum)",""main/Evolve/CallEvol/CCTK_EVOL/CallFunction/thorns/ML_BSSN_ConstraintsEverywhere_SelectBCs" (average)",""main/Evolve/CallEvol/CCTK_EVOL/CallFunction/thorns/ML_BSSN_ConstraintsEverywhere_SelectBCs" (minimum)",""main/Evolve/CallEvol/CCTK_EVOL/CallFunction/thorns/ML_BSSN_ConstraintsEverywhere_SelectBCs" (maximum)",""main/Evolve/CallEvol/CCTK_EVOL/CallFunction/thorns/ML_BSSN_ConstraintsInterior" (average)",""main/Evolve/CallEvol/CCTK_EVOL/CallFunction/thorns/ML_BSSN_ConstraintsInterior" (minimum)",""main/Evolve/CallEvol/CCTK_EVOL/CallFunction/thorns/ML_BSSN_ConstraintsInterior" (maximum)",""main/Evolve/CallEvol/CCTK_EVOL/CallFunction/thorns/ML_BSSN_ConstraintsInterior_SelectBCs" (average)",""main/Evolve/CallEvol/CCTK_EVOL/CallFunction/thorns/ML_BSSN_ConstraintsInterior_SelectBCs" (minimum)",""main/Evolve/CallEvol/CCTK_EVOL/CallFunction/thorns/ML_BSSN_ConstraintsInterior_SelectBCs" (maximum)",""main/Evolve/CallEvol/CCTK_EVOL/CallFunction/thorns/ML_BSSN_EnforceEverywhere" (average)",""main/Evolve/CallEvol/CCTK_EVOL/CallFunction/thorns/ML_BSSN_EnforceEverywhere" (minimum)",""main/Evolve/CallEvol/CCTK_EVOL/CallFunction/thorns/ML_BSSN_EnforceEverywhere" (maximum)",""main/Evolve/CallEvol/CCTK_EVOL/CallFunction/thorns/ML_BSSN_EvolutionBoundaryScalar" (average)",""main/Evolve/CallEvol/CCTK_EVOL/CallFunction/thorns/ML_BSSN_EvolutionBoundaryScalar" (minimum)",""main/Evolve/CallEvol/CCTK_EVOL/CallFunction/thorns/ML_BSSN_EvolutionBoundaryScalar" (maximum)",""main/Evolve/CallEvol/CCTK_EVOL/CallFunction/thorns/ML_BSSN_EvolutionInteriorSplitBy1" (average)",""main/Evolve/CallEvol/CCTK_EVOL/CallFunction/thorns/ML_BSSN_EvolutionInteriorSplitBy1" (minimum)",""main/Evolve/CallEvol/CCTK_EVOL/CallFunction/thorns/ML_BSSN_EvolutionInteriorSplitBy1" (maximum)",""main/Evolve/CallEvol/CCTK_EVOL/CallFunction/thorns/ML_BSSN_EvolutionInteriorSplitBy2" (average)",""main/Evolve/CallEvol/CCTK_EVOL/CallFunction/thorns/ML_BSSN_EvolutionInteriorSplitBy2" (minimum)",""main/Evolve/CallEvol/CCTK_EVOL/CallFunction/thorns/ML_BSSN_EvolutionInteriorSplitBy2" (maximum)",""main/Evolve/CallEvol/CCTK_EVOL/CallFunction/thorns/ML_BSSN_EvolutionInteriorSplitBy3" (average)",""main/Evolve/CallEvol/CCTK_EVOL/CallFunction/thorns/ML_BSSN_EvolutionInteriorSplitBy3" (minimum)",""main/Evolve/CallEvol/CCTK_EVOL/CallFunction/thorns/ML_BSSN_EvolutionInteriorSplitBy3" (maximum)",""main/Evolve/CallEvol/CCTK_EVOL/CallFunction/thorns/ML_BSSN_SelectBoundConds" (average)",""main/Evolve/CallEvol/CCTK_EVOL/CallFunction/thorns/ML_BSSN_SelectBoundConds" (minimum)",""main/Evolve/CallEvol/CCTK_EVOL/CallFunction/thorns/ML_BSSN_SelectBoundConds" (maximum)",""main/Evolve/CallEvol/CCTK_EVOL/CallFunction/thorns/MoL_Add" (average)",""main/Evolve/CallEvol/CCTK_EVOL/CallFunction/thorns/MoL_Add" (minimum)",""main/Evolve/CallEvol/CCTK_EVOL/CallFunction/thorns/MoL_Add" (maximum)",""main/Evolve/CallEvol/CCTK_EVOL/CallFunction/thorns/MoL_AllocateScratchSpace" (average)",""main/Evolve/CallEvol/CCTK_EVOL/CallFunction/thorns/MoL_AllocateScratchSpace" (minimum)",""main/Evolve/CallEvol/CCTK_EVOL/CallFunction/thorns/MoL_AllocateScratchSpace" (maximum)",""main/Evolve/CallEvol/CCTK_EVOL/CallFunction/thorns/MoL_DecrementCounter" (average)",""main/Evolve/CallEvol/CCTK_EVOL/CallFunction/thorns/MoL_DecrementCounter" (minimum)",""main/Evolve/CallEvol/CCTK_EVOL/CallFunction/thorns/MoL_DecrementCounter" (maximum)",""main/Evolve/CallEvol/CCTK_EVOL/CallFunction/thorns/MoL_FinishLoop" (average)",""main/Evolve/CallEvol/CCTK_EVOL/CallFunction/thorns/MoL_FinishLoop" (minimum)",""main/Evolve/CallEvol/CCTK_EVOL/CallFunction/thorns/MoL_FinishLoop" (maximum)",""main/Evolve/CallEvol/CCTK_EVOL/CallFunction/thorns/MoL_FreeScratchSpace" (average)",""main/Evolve/CallEvol/CCTK_EVOL/CallFunction/thorns/MoL_FreeScratchSpace" (minimum)",""main/Evolve/CallEvol/CCTK_EVOL/CallFunction/thorns/MoL_FreeScratchSpace" (maximum)",""main/Evolve/CallEvol/CCTK_EVOL/CallFunction/thorns/MoL_InitRHS" (average)",""main/Evolve/CallEvol/CCTK_EVOL/CallFunction/thorns/MoL_InitRHS" (minimum)",""main/Evolve/CallEvol/CCTK_EVOL/CallFunction/thorns/MoL_InitRHS" (maximum)",""main/Evolve/CallEvol/CCTK_EVOL/CallFunction/thorns/MoL_InitialCopy" (average)",""main/Evolve/CallEvol/CCTK_EVOL/CallFunction/thorns/MoL_InitialCopy" (minimum)",""main/Evolve/CallEvol/CCTK_EVOL/CallFunction/thorns/MoL_InitialCopy" (maximum)",""main/Evolve/CallEvol/CCTK_EVOL/CallFunction/thorns/MoL_ResetDeltaTime" (average)",""main/Evolve/CallEvol/CCTK_EVOL/CallFunction/thorns/MoL_ResetDeltaTime" (minimum)",""main/Evolve/CallEvol/CCTK_EVOL/CallFunction/thorns/MoL_ResetDeltaTime" (maximum)",""main/Evolve/CallEvol/CCTK_EVOL/CallFunction/thorns/MoL_ResetTime" (average)",""main/Evolve/CallEvol/CCTK_EVOL/CallFunction/thorns/MoL_ResetTime" (minimum)",""main/Evolve/CallEvol/CCTK_EVOL/CallFunction/thorns/MoL_ResetTime" (maximum)",""main/Evolve/CallEvol/CCTK_EVOL/CallFunction/thorns/MoL_RestoreSandR" (average)",""main/Evolve/CallEvol/CCTK_EVOL/CallFunction/thorns/MoL_RestoreSandR" (minimum)",""main/Evolve/CallEvol/CCTK_EVOL/CallFunction/thorns/MoL_RestoreSandR" (maximum)",""main/Evolve/CallEvol/CCTK_EVOL/CallFunction/thorns/MoL_SetCounter" (average)",""main/Evolve/CallEvol/CCTK_EVOL/CallFunction/thorns/MoL_SetCounter" (minimum)",""main/Evolve/CallEvol/CCTK_EVOL/CallFunction/thorns/MoL_SetCounter" (maximum)",""main/Evolve/CallEvol/CCTK_EVOL/CallFunction/thorns/MoL_SetTime" (average)",""main/Evolve/CallEvol/CCTK_EVOL/CallFunction/thorns/MoL_SetTime" (minimum)",""main/Evolve/CallEvol/CCTK_EVOL/CallFunction/thorns/MoL_SetTime" (maximum)",""main/Evolve/CallEvol/CCTK_EVOL/CallFunction/thorns/MoL_StartLoop" (average)",""main/Evolve/CallEvol/CCTK_EVOL/CallFunction/thorns/MoL_StartLoop" (minimum)",""main/Evolve/CallEvol/CCTK_EVOL/CallFunction/thorns/MoL_StartLoop" (maximum)",""main/Evolve/CallEvol/CCTK_EVOL/CallFunction/thorns/TmunuBase_ZeroTmunu" (average)",""main/Evolve/CallEvol/CCTK_EVOL/CallFunction/thorns/TmunuBase_ZeroTmunu" (minimum)",""main/Evolve/CallEvol/CCTK_EVOL/CallFunction/thorns/TmunuBase_ZeroTmunu" (maximum)",""main/Evolve/CallEvol/CCTK_PRESTEP" (average)",""main/Evolve/CallEvol/CCTK_PRESTEP" (minimum)",""main/Evolve/CallEvol/CCTK_PRESTEP" (maximum)",""main/Evolve/CallEvol/CCTK_PRESTEP/CallFunction" (average)",""main/Evolve/CallEvol/CCTK_PRESTEP/CallFunction" (minimum)",""main/Evolve/CallEvol/CCTK_PRESTEP/CallFunction" (maximum)",""main/Evolve/CallEvol/CCTK_PRESTEP/CallFunction/thorns" (average)",""main/Evolve/CallEvol/CCTK_PRESTEP/CallFunction/thorns" (minimum)",""main/Evolve/CallEvol/CCTK_PRESTEP/CallFunction/thorns" (maximum)",""main/Evolve/CallEvol/CCTK_PRESTEP/CallFunction/thorns/ADMBase_LapseStatic" (average)",""main/Evolve/CallEvol/CCTK_PRESTEP/CallFunction/thorns/ADMBase_LapseStatic" (minimum)",""main/Evolve/CallEvol/CCTK_PRESTEP/CallFunction/thorns/ADMBase_LapseStatic" (maximum)",""main/Evolve/CallEvol/CCTK_PRESTEP/CallFunction/thorns/ADMBase_ShiftStatic" (average)",""main/Evolve/CallEvol/CCTK_PRESTEP/CallFunction/thorns/ADMBase_ShiftStatic" (minimum)",""main/Evolve/CallEvol/CCTK_PRESTEP/CallFunction/thorns/ADMBase_ShiftStatic" (maximum)",""main/Evolve/CallEvol/CCTK_PRESTEP/CallFunction/thorns/Einstein_SetNextSlicing" (average)",""main/Evolve/CallEvol/CCTK_PRESTEP/CallFunction/thorns/Einstein_SetNextSlicing" (minimum)",""main/Evolve/CallEvol/CCTK_PRESTEP/CallFunction/thorns/Einstein_SetNextSlicing" (maximum)",""main/Evolve/CallEvol/CCTK_PRESTEP/CallFunction/thorns/lc_steer" (average)",""main/Evolve/CallEvol/CCTK_PRESTEP/CallFunction/thorns/lc_steer" (minimum)",""main/Evolve/CallEvol/CCTK_PRESTEP/CallFunction/thorns/lc_steer" (maximum)",""main/Evolve/CallEvol/CycleTimeLevels" (average)",""main/Evolve/CallEvol/CycleTimeLevels" (minimum)",""main/Evolve/CallEvol/CycleTimeLevels" (maximum)",""main/Evolve/CallEvol/Poison" (average)",""main/Evolve/CallEvol/Poison" (minimum)",""main/Evolve/CallEvol/Poison" (maximum)",""main/Evolve/CallRegrid" (average)",""main/Evolve/CallRegrid" (minimum)",""main/Evolve/CallRegrid" (maximum)",""main/Evolve/CallRegrid/CCTK_PREREGRID" (average)",""main/Evolve/CallRegrid/CCTK_PREREGRID" (minimum)",""main/Evolve/CallRegrid/CCTK_PREREGRID" (maximum)",""main/Evolve/CallRegrid/Regrid" (average)",""main/Evolve/CallRegrid/Regrid" (minimum)",""main/Evolve/CallRegrid/Regrid" (maximum)",""main/Evolve/CallRegrid/RegridFree" (average)",""main/Evolve/CallRegrid/RegridFree" (minimum)",""main/Evolve/CallRegrid/RegridFree" (maximum)",""main/Evolve/CallRestrict" (average)",""main/Evolve/CallRestrict" (minimum)",""main/Evolve/CallRestrict" (maximum)",""main/Evolve/CheckLevelTimes" (average)",""main/Evolve/CheckLevelTimes" (minimum)",""main/Evolve/CheckLevelTimes" (maximum)",""main/Evolve/DoTerminate" (average)",""main/Evolve/DoTerminate" (minimum)",""main/Evolve/DoTerminate" (maximum)",""main/Evolve/PrintTimers" (average)",""main/Evolve/PrintTimers" (minimum)",""main/Evolve/PrintTimers" (maximum)",""main/Initialise" (average)",""main/Initialise" (minimum)",""main/Initialise" (maximum)",""main/Initialise/CallAnalysis" (average)",""main/Initialise/CallAnalysis" (minimum)",""main/Initialise/CallAnalysis" (maximum)",""main/Initialise/CallAnalysis/CCTK_ANALYSIS" (average)",""main/Initialise/CallAnalysis/CCTK_ANALYSIS" (minimum)",""main/Initialise/CallAnalysis/CCTK_ANALYSIS" (maximum)",""main/Initialise/CallAnalysis/CCTK_ANALYSIS/CallFunction" (average)",""main/Initialise/CallAnalysis/CCTK_ANALYSIS/CallFunction" (minimum)",""main/Initialise/CallAnalysis/CCTK_ANALYSIS/CallFunction" (maximum)",""main/Initialise/CallAnalysis/CCTK_ANALYSIS/CallFunction/thorns" (average)",""main/Initialise/CallAnalysis/CCTK_ANALYSIS/CallFunction/thorns" (minimum)",""main/Initialise/CallAnalysis/CCTK_ANALYSIS/CallFunction/thorns" (maximum)",""main/Initialise/CallAnalysis/CCTK_ANALYSIS/CallFunction/thorns/CarpetLib_printmemstats" (average)",""main/Initialise/CallAnalysis/CCTK_ANALYSIS/CallFunction/thorns/CarpetLib_printmemstats" (minimum)",""main/Initialise/CallAnalysis/CCTK_ANALYSIS/CallFunction/thorns/CarpetLib_printmemstats" (maximum)",""main/Initialise/CallAnalysis/CCTK_ANALYSIS/CallFunction/thorns/CarpetLib_printtimestats" (average)",""main/Initialise/CallAnalysis/CCTK_ANALYSIS/CallFunction/thorns/CarpetLib_printtimestats" (minimum)",""main/Initialise/CallAnalysis/CCTK_ANALYSIS/CallFunction/thorns/CarpetLib_printtimestats" (maximum)",""main/Initialise/CallAnalysis/CCTK_ANALYSIS/CallFunction/thorns/lc_statistics_analysis" (average)",""main/Initialise/CallAnalysis/CCTK_ANALYSIS/CallFunction/thorns/lc_statistics_analysis" (minimum)",""main/Initialise/CallAnalysis/CCTK_ANALYSIS/CallFunction/thorns/lc_statistics_analysis" (maximum)",""main/Initialise/CallAnalysis/CCTK_ANALYSIS/CallFunction/thorns/zzz_TimerReport_Output" (average)",""main/Initialise/CallAnalysis/CCTK_ANALYSIS/CallFunction/thorns/zzz_TimerReport_Output" (minimum)",""main/Initialise/CallAnalysis/CCTK_ANALYSIS/CallFunction/thorns/zzz_TimerReport_Output" (maximum)",""main/Initialise/CallAnalysis/CCTK_CPINITIAL" (average)",""main/Initialise/CallAnalysis/CCTK_CPINITIAL" (minimum)",""main/Initialise/CallAnalysis/CCTK_CPINITIAL" (maximum)",""main/Initialise/CallAnalysis/CCTK_CPINITIAL/CallFunction" (average)",""main/Initialise/CallAnalysis/CCTK_CPINITIAL/CallFunction" (minimum)",""main/Initialise/CallAnalysis/CCTK_CPINITIAL/CallFunction" (maximum)",""main/Initialise/CallAnalysis/CCTK_CPINITIAL/CallFunction/thorns" (average)",""main/Initialise/CallAnalysis/CCTK_CPINITIAL/CallFunction/thorns" (minimum)",""main/Initialise/CallAnalysis/CCTK_CPINITIAL/CallFunction/thorns" (maximum)",""main/Initialise/CallAnalysis/CCTK_CPINITIAL/CallFunction/thorns/CarpetIOHDF5_InitialDataCheckpoint" (average)",""main/Initialise/CallAnalysis/CCTK_CPINITIAL/CallFunction/thorns/CarpetIOHDF5_InitialDataCheckpoint" (minimum)",""main/Initialise/CallAnalysis/CCTK_CPINITIAL/CallFunction/thorns/CarpetIOHDF5_InitialDataCheckpoint" (maximum)",""main/Initialise/CallAnalysis/OutputGH" (average)",""main/Initialise/CallAnalysis/OutputGH" (minimum)",""main/Initialise/CallAnalysis/OutputGH" (maximum)",""main/Initialise/CallAnalysis/OutputGH/OutputGH" (average)",""main/Initialise/CallAnalysis/OutputGH/OutputGH" (minimum)",""main/Initialise/CallAnalysis/OutputGH/OutputGH" (maximum)",""main/Initialise/CallAnalysis/OutputGH/OutputGH/IOASCII::IOASCII_0D [0]" (average)",""main/Initialise/CallAnalysis/OutputGH/OutputGH/IOASCII::IOASCII_0D [0]" (minimum)",""main/Initialise/CallAnalysis/OutputGH/OutputGH/IOASCII::IOASCII_0D [0]" (maximum)",""main/Initialise/CallAnalysis/OutputGH/OutputGH/IOASCII::IOASCII_0D [0]/OutputGH<0>" (average)",""main/Initialise/CallAnalysis/OutputGH/OutputGH/IOASCII::IOASCII_0D [0]/OutputGH<0>" (minimum)",""main/Initialise/CallAnalysis/OutputGH/OutputGH/IOASCII::IOASCII_0D [0]/OutputGH<0>" (maximum)",""main/Initialise/CallAnalysis/OutputGH/OutputGH/IOASCII::IOASCII_1D [1]" (average)",""main/Initialise/CallAnalysis/OutputGH/OutputGH/IOASCII::IOASCII_1D [1]" (minimum)",""main/Initialise/CallAnalysis/OutputGH/OutputGH/IOASCII::IOASCII_1D [1]" (maximum)",""main/Initialise/CallAnalysis/OutputGH/OutputGH/IOASCII::IOASCII_1D [1]/OutputGH<1>" (average)",""main/Initialise/CallAnalysis/OutputGH/OutputGH/IOASCII::IOASCII_1D [1]/OutputGH<1>" (minimum)",""main/Initialise/CallAnalysis/OutputGH/OutputGH/IOASCII::IOASCII_1D [1]/OutputGH<1>" (maximum)",""main/Initialise/CallAnalysis/OutputGH/OutputGH/IOASCII::IOASCII_2D [2]" (average)",""main/Initialise/CallAnalysis/OutputGH/OutputGH/IOASCII::IOASCII_2D [2]" (minimum)",""main/Initialise/CallAnalysis/OutputGH/OutputGH/IOASCII::IOASCII_2D [2]" (maximum)",""main/Initialise/CallAnalysis/OutputGH/OutputGH/IOASCII::IOASCII_2D [2]/OutputGH<2>" (average)",""main/Initialise/CallAnalysis/OutputGH/OutputGH/IOASCII::IOASCII_2D [2]/OutputGH<2>" (minimum)",""main/Initialise/CallAnalysis/OutputGH/OutputGH/IOASCII::IOASCII_2D [2]/OutputGH<2>" (maximum)",""main/Initialise/CallAnalysis/OutputGH/OutputGH/IOASCII::IOASCII_3D [3]" (average)",""main/Initialise/CallAnalysis/OutputGH/OutputGH/IOASCII::IOASCII_3D [3]" (minimum)",""main/Initialise/CallAnalysis/OutputGH/OutputGH/IOASCII::IOASCII_3D [3]" (maximum)",""main/Initialise/CallAnalysis/OutputGH/OutputGH/IOASCII::IOASCII_3D [3]/OutputGH<3>" (average)",""main/Initialise/CallAnalysis/OutputGH/OutputGH/IOASCII::IOASCII_3D [3]/OutputGH<3>" (minimum)",""main/Initialise/CallAnalysis/OutputGH/OutputGH/IOASCII::IOASCII_3D [3]/OutputGH<3>" (maximum)",""main/Initialise/CallAnalysis/OutputGH/OutputGH/IOBasic::CarpetIOBasic [4]" (average)",""main/Initialise/CallAnalysis/OutputGH/OutputGH/IOBasic::CarpetIOBasic [4]" (minimum)",""main/Initialise/CallAnalysis/OutputGH/OutputGH/IOBasic::CarpetIOBasic [4]" (maximum)",""main/Initialise/CallAnalysis/OutputGH/OutputGH/IOBasic::CarpetIOBasic [4]/OutputGH" (average)",""main/Initialise/CallAnalysis/OutputGH/OutputGH/IOBasic::CarpetIOBasic [4]/OutputGH" (minimum)",""main/Initialise/CallAnalysis/OutputGH/OutputGH/IOBasic::CarpetIOBasic [4]/OutputGH" (maximum)",""main/Initialise/CallAnalysis/OutputGH/OutputGH/IOHDF5::IOHDF5 [10]" (average)",""main/Initialise/CallAnalysis/OutputGH/OutputGH/IOHDF5::IOHDF5 [10]" (minimum)",""main/Initialise/CallAnalysis/OutputGH/OutputGH/IOHDF5::IOHDF5 [10]" (maximum)",""main/Initialise/CallAnalysis/OutputGH/OutputGH/IOHDF5::IOHDF5 [10]/OutputGH" (average)",""main/Initialise/CallAnalysis/OutputGH/OutputGH/IOHDF5::IOHDF5 [10]/OutputGH" (minimum)",""main/Initialise/CallAnalysis/OutputGH/OutputGH/IOHDF5::IOHDF5 [10]/OutputGH" (maximum)",""main/Initialise/CallAnalysis/OutputGH/OutputGH/IOHDF5::IOHDF5_0D [5]" (average)",""main/Initialise/CallAnalysis/OutputGH/OutputGH/IOHDF5::IOHDF5_0D [5]" (minimum)",""main/Initialise/CallAnalysis/OutputGH/OutputGH/IOHDF5::IOHDF5_0D [5]" (maximum)",""main/Initialise/CallAnalysis/OutputGH/OutputGH/IOHDF5::IOHDF5_0D [5]/OutputGH<0>" (average)",""main/Initialise/CallAnalysis/OutputGH/OutputGH/IOHDF5::IOHDF5_0D [5]/OutputGH<0>" (minimum)",""main/Initialise/CallAnalysis/OutputGH/OutputGH/IOHDF5::IOHDF5_0D [5]/OutputGH<0>" (maximum)",""main/Initialise/CallAnalysis/OutputGH/OutputGH/IOHDF5::IOHDF5_1D [6]" (average)",""main/Initialise/CallAnalysis/OutputGH/OutputGH/IOHDF5::IOHDF5_1D [6]" (minimum)",""main/Initialise/CallAnalysis/OutputGH/OutputGH/IOHDF5::IOHDF5_1D [6]" (maximum)",""main/Initialise/CallAnalysis/OutputGH/OutputGH/IOHDF5::IOHDF5_1D [6]/OutputGH<1>" (average)",""main/Initialise/CallAnalysis/OutputGH/OutputGH/IOHDF5::IOHDF5_1D [6]/OutputGH<1>" (minimum)",""main/Initialise/CallAnalysis/OutputGH/OutputGH/IOHDF5::IOHDF5_1D [6]/OutputGH<1>" (maximum)",""main/Initialise/CallAnalysis/OutputGH/OutputGH/IOHDF5::IOHDF5_2D [7]" (average)",""main/Initialise/CallAnalysis/OutputGH/OutputGH/IOHDF5::IOHDF5_2D [7]" (minimum)",""main/Initialise/CallAnalysis/OutputGH/OutputGH/IOHDF5::IOHDF5_2D [7]" (maximum)",""main/Initialise/CallAnalysis/OutputGH/OutputGH/IOHDF5::IOHDF5_2D [7]/OutputGH<2>" (average)",""main/Initialise/CallAnalysis/OutputGH/OutputGH/IOHDF5::IOHDF5_2D [7]/OutputGH<2>" (minimum)",""main/Initialise/CallAnalysis/OutputGH/OutputGH/IOHDF5::IOHDF5_2D [7]/OutputGH<2>" (maximum)",""main/Initialise/CallAnalysis/OutputGH/OutputGH/IOHDF5::IOHDF5_3D [8]" (average)",""main/Initialise/CallAnalysis/OutputGH/OutputGH/IOHDF5::IOHDF5_3D [8]" (minimum)",""main/Initialise/CallAnalysis/OutputGH/OutputGH/IOHDF5::IOHDF5_3D [8]" (maximum)",""main/Initialise/CallAnalysis/OutputGH/OutputGH/IOHDF5::IOHDF5_3D [8]/OutputGH<3>" (average)",""main/Initialise/CallAnalysis/OutputGH/OutputGH/IOHDF5::IOHDF5_3D [8]/OutputGH<3>" (minimum)",""main/Initialise/CallAnalysis/OutputGH/OutputGH/IOHDF5::IOHDF5_3D [8]/OutputGH<3>" (maximum)",""main/Initialise/CallAnalysis/OutputGH/OutputGH/IOScalar::CarpetIOScalar [9]" (average)",""main/Initialise/CallAnalysis/OutputGH/OutputGH/IOScalar::CarpetIOScalar [9]" (minimum)",""main/Initialise/CallAnalysis/OutputGH/OutputGH/IOScalar::CarpetIOScalar [9]" (maximum)",""main/Initialise/CallAnalysis/OutputGH/OutputGH/IOScalar::CarpetIOScalar [9]/OutputGH" (average)",""main/Initialise/CallAnalysis/OutputGH/OutputGH/IOScalar::CarpetIOScalar [9]/OutputGH" (minimum)",""main/Initialise/CallAnalysis/OutputGH/OutputGH/IOScalar::CarpetIOScalar [9]/OutputGH" (maximum)",""main/Initialise/CallInitial" (average)",""main/Initialise/CallInitial" (minimum)",""main/Initialise/CallInitial" (maximum)",""main/Initialise/CallInitial/CCTK_BASEGRID" (average)",""main/Initialise/CallInitial/CCTK_BASEGRID" (minimum)",""main/Initialise/CallInitial/CCTK_BASEGRID" (maximum)",""main/Initialise/CallInitial/CCTK_BASEGRID/CallFunction" (average)",""main/Initialise/CallInitial/CCTK_BASEGRID/CallFunction" (minimum)",""main/Initialise/CallInitial/CCTK_BASEGRID/CallFunction" (maximum)",""main/Initialise/CallInitial/CCTK_BASEGRID/CallFunction/thorns" (average)",""main/Initialise/CallInitial/CCTK_BASEGRID/CallFunction/thorns" (minimum)",""main/Initialise/CallInitial/CCTK_BASEGRID/CallFunction/thorns" (maximum)",""main/Initialise/CallInitial/CCTK_BASEGRID/CallFunction/thorns/ADMBase_SetDtLapseStateOn" (average)",""main/Initialise/CallInitial/CCTK_BASEGRID/CallFunction/thorns/ADMBase_SetDtLapseStateOn" (minimum)",""main/Initialise/CallInitial/CCTK_BASEGRID/CallFunction/thorns/ADMBase_SetDtLapseStateOn" (maximum)",""main/Initialise/CallInitial/CCTK_BASEGRID/CallFunction/thorns/ADMBase_SetDtShiftStateOn" (average)",""main/Initialise/CallInitial/CCTK_BASEGRID/CallFunction/thorns/ADMBase_SetDtShiftStateOn" (minimum)",""main/Initialise/CallInitial/CCTK_BASEGRID/CallFunction/thorns/ADMBase_SetDtShiftStateOn" (maximum)",""main/Initialise/CallInitial/CCTK_BASEGRID/CallFunction/thorns/ADMBase_SetShiftStateOn" (average)",""main/Initialise/CallInitial/CCTK_BASEGRID/CallFunction/thorns/ADMBase_SetShiftStateOn" (minimum)",""main/Initialise/CallInitial/CCTK_BASEGRID/CallFunction/thorns/ADMBase_SetShiftStateOn" (maximum)",""main/Initialise/CallInitial/CCTK_BASEGRID/CallFunction/thorns/ADMMacros_SetLocalSpatialOrder" (average)",""main/Initialise/CallInitial/CCTK_BASEGRID/CallFunction/thorns/ADMMacros_SetLocalSpatialOrder" (minimum)",""main/Initialise/CallInitial/CCTK_BASEGRID/CallFunction/thorns/ADMMacros_SetLocalSpatialOrder" (maximum)",""main/Initialise/CallInitial/CCTK_BASEGRID/CallFunction/thorns/CarpetMaskSetup" (average)",""main/Initialise/CallInitial/CCTK_BASEGRID/CallFunction/thorns/CarpetMaskSetup" (minimum)",""main/Initialise/CallInitial/CCTK_BASEGRID/CallFunction/thorns/CarpetMaskSetup" (maximum)",""main/Initialise/CallInitial/CCTK_BASEGRID/CallFunction/thorns/CoordBase_SetupMask" (average)",""main/Initialise/CallInitial/CCTK_BASEGRID/CallFunction/thorns/CoordBase_SetupMask" (minimum)",""main/Initialise/CallInitial/CCTK_BASEGRID/CallFunction/thorns/CoordBase_SetupMask" (maximum)",""main/Initialise/CallInitial/CCTK_BASEGRID/CallFunction/thorns/ML_BSSN_CheckBoundaries" (average)",""main/Initialise/CallInitial/CCTK_BASEGRID/CallFunction/thorns/ML_BSSN_CheckBoundaries" (minimum)",""main/Initialise/CallInitial/CCTK_BASEGRID/CallFunction/thorns/ML_BSSN_CheckBoundaries" (maximum)",""main/Initialise/CallInitial/CCTK_BASEGRID/CallFunction/thorns/MaskBase_AllocateMask" (average)",""main/Initialise/CallInitial/CCTK_BASEGRID/CallFunction/thorns/MaskBase_AllocateMask" (minimum)",""main/Initialise/CallInitial/CCTK_BASEGRID/CallFunction/thorns/MaskBase_AllocateMask" (maximum)",""main/Initialise/CallInitial/CCTK_BASEGRID/CallFunction/thorns/MaskBase_InitMask" (average)",""main/Initialise/CallInitial/CCTK_BASEGRID/CallFunction/thorns/MaskBase_InitMask" (minimum)",""main/Initialise/CallInitial/CCTK_BASEGRID/CallFunction/thorns/MaskBase_InitMask" (maximum)",""main/Initialise/CallInitial/CCTK_BASEGRID/CallFunction/thorns/MaskBase_SetMask" (average)",""main/Initialise/CallInitial/CCTK_BASEGRID/CallFunction/thorns/MaskBase_SetMask" (minimum)",""main/Initialise/CallInitial/CCTK_BASEGRID/CallFunction/thorns/MaskBase_SetMask" (maximum)",""main/Initialise/CallInitial/CCTK_BASEGRID/CallFunction/thorns/MaskBase_TestMask" (average)",""main/Initialise/CallInitial/CCTK_BASEGRID/CallFunction/thorns/MaskBase_TestMask" (minimum)",""main/Initialise/CallInitial/CCTK_BASEGRID/CallFunction/thorns/MaskBase_TestMask" (maximum)",""main/Initialise/CallInitial/CCTK_BASEGRID/CallFunction/thorns/SpatialCoordinates" (average)",""main/Initialise/CallInitial/CCTK_BASEGRID/CallFunction/thorns/SpatialCoordinates" (minimum)",""main/Initialise/CallInitial/CCTK_BASEGRID/CallFunction/thorns/SpatialCoordinates" (maximum)",""main/Initialise/CallInitial/CCTK_BASEGRID/CallFunction/thorns/SpatialSpacings" (average)",""main/Initialise/CallInitial/CCTK_BASEGRID/CallFunction/thorns/SpatialSpacings" (minimum)",""main/Initialise/CallInitial/CCTK_BASEGRID/CallFunction/thorns/SpatialSpacings" (maximum)",""main/Initialise/CallInitial/CCTK_BASEGRID/CallFunction/thorns/SymBase_Check" (average)",""main/Initialise/CallInitial/CCTK_BASEGRID/CallFunction/thorns/SymBase_Check" (minimum)",""main/Initialise/CallInitial/CCTK_BASEGRID/CallFunction/thorns/SymBase_Check" (maximum)",""main/Initialise/CallInitial/CCTK_BASEGRID/CallFunction/thorns/TemporalSpacings" (average)",""main/Initialise/CallInitial/CCTK_BASEGRID/CallFunction/thorns/TemporalSpacings" (minimum)",""main/Initialise/CallInitial/CCTK_BASEGRID/CallFunction/thorns/TemporalSpacings" (maximum)",""main/Initialise/CallInitial/CCTK_BASEGRID/CallFunction/thorns/Time_Initialise" (average)",""main/Initialise/CallInitial/CCTK_BASEGRID/CallFunction/thorns/Time_Initialise" (minimum)",""main/Initialise/CallInitial/CCTK_BASEGRID/CallFunction/thorns/Time_Initialise" (maximum)",""main/Initialise/CallInitial/CCTK_BASEGRID/CarpetLib::ggf::recompose_allocate" (average)",""main/Initialise/CallInitial/CCTK_BASEGRID/CarpetLib::ggf::recompose_allocate" (minimum)",""main/Initialise/CallInitial/CCTK_BASEGRID/CarpetLib::ggf::recompose_allocate" (maximum)",""main/Initialise/CallInitial/CCTK_BASEGRID/CarpetLib::ggf::recompose_crop" (average)",""main/Initialise/CallInitial/CCTK_BASEGRID/CarpetLib::ggf::recompose_crop" (minimum)",""main/Initialise/CallInitial/CCTK_BASEGRID/CarpetLib::ggf::recompose_crop" (maximum)",""main/Initialise/CallInitial/CCTK_BASEGRID/dh::recompose_free_old" (average)",""main/Initialise/CallInitial/CCTK_BASEGRID/dh::recompose_free_old" (minimum)",""main/Initialise/CallInitial/CCTK_BASEGRID/dh::recompose_free_old" (maximum)",""main/Initialise/CallInitial/CCTK_INITIAL" (average)",""main/Initialise/CallInitial/CCTK_INITIAL" (minimum)",""main/Initialise/CallInitial/CCTK_INITIAL" (maximum)",""main/Initialise/CallInitial/CCTK_INITIAL/CallFunction" (average)",""main/Initialise/CallInitial/CCTK_INITIAL/CallFunction" (minimum)",""main/Initialise/CallInitial/CCTK_INITIAL/CallFunction" (maximum)",""main/Initialise/CallInitial/CCTK_INITIAL/CallFunction/syncs" (average)",""main/Initialise/CallInitial/CCTK_INITIAL/CallFunction/syncs" (minimum)",""main/Initialise/CallInitial/CCTK_INITIAL/CallFunction/syncs" (maximum)",""main/Initialise/CallInitial/CCTK_INITIAL/CallFunction/syncs/Prolongate" (average)",""main/Initialise/CallInitial/CCTK_INITIAL/CallFunction/syncs/Prolongate" (minimum)",""main/Initialise/CallInitial/CCTK_INITIAL/CallFunction/syncs/Prolongate" (maximum)",""main/Initialise/CallInitial/CCTK_INITIAL/CallFunction/syncs/Sync" (average)",""main/Initialise/CallInitial/CCTK_INITIAL/CallFunction/syncs/Sync" (minimum)",""main/Initialise/CallInitial/CCTK_INITIAL/CallFunction/syncs/Sync" (maximum)",""main/Initialise/CallInitial/CCTK_INITIAL/CallFunction/syncs/Sync/comm_state[0].create" (average)",""main/Initialise/CallInitial/CCTK_INITIAL/CallFunction/syncs/Sync/comm_state[0].create" (minimum)",""main/Initialise/CallInitial/CCTK_INITIAL/CallFunction/syncs/Sync/comm_state[0].create" (maximum)",""main/Initialise/CallInitial/CCTK_INITIAL/CallFunction/syncs/Sync/comm_state[1].state_get_buffer_size" (average)",""main/Initialise/CallInitial/CCTK_INITIAL/CallFunction/syncs/Sync/comm_state[1].state_get_buffer_size" (minimum)",""main/Initialise/CallInitial/CCTK_INITIAL/CallFunction/syncs/Sync/comm_state[1].state_get_buffer_size" (maximum)",""main/Initialise/CallInitial/CCTK_INITIAL/CallFunction/syncs/Sync/comm_state[2].state_get_buffer_size" (average)",""main/Initialise/CallInitial/CCTK_INITIAL/CallFunction/syncs/Sync/comm_state[2].state_get_buffer_size" (minimum)",""main/Initialise/CallInitial/CCTK_INITIAL/CallFunction/syncs/Sync/comm_state[2].state_get_buffer_size" (maximum)",""main/Initialise/CallInitial/CCTK_INITIAL/CallFunction/syncs/Sync/comm_state[3].state_fill_send_buffe" (average)",""main/Initialise/CallInitial/CCTK_INITIAL/CallFunction/syncs/Sync/comm_state[3].state_fill_send_buffe" (minimum)",""main/Initialise/CallInitial/CCTK_INITIAL/CallFunction/syncs/Sync/comm_state[3].state_fill_send_buffe" (maximum)",""main/Initialise/CallInitial/CCTK_INITIAL/CallFunction/syncs/Sync/comm_state[4].state_fill_send_buffe" (average)",""main/Initialise/CallInitial/CCTK_INITIAL/CallFunction/syncs/Sync/comm_state[4].state_fill_send_buffe" (minimum)",""main/Initialise/CallInitial/CCTK_INITIAL/CallFunction/syncs/Sync/comm_state[4].state_fill_send_buffe" (maximum)",""main/Initialise/CallInitial/CCTK_INITIAL/CallFunction/syncs/Sync/comm_state[5].state_do_some_work.us" (average)",""main/Initialise/CallInitial/CCTK_INITIAL/CallFunction/syncs/Sync/comm_state[5].state_do_some_work.us" (minimum)",""main/Initialise/CallInitial/CCTK_INITIAL/CallFunction/syncs/Sync/comm_state[5].state_do_some_work.us" (maximum)",""main/Initialise/CallInitial/CCTK_INITIAL/CallFunction/syncs/Sync/comm_state[6].state_do_some_work.st" (average)",""main/Initialise/CallInitial/CCTK_INITIAL/CallFunction/syncs/Sync/comm_state[6].state_do_some_work.st" (minimum)",""main/Initialise/CallInitial/CCTK_INITIAL/CallFunction/syncs/Sync/comm_state[6].state_do_some_work.st" (maximum)",""main/Initialise/CallInitial/CCTK_INITIAL/CallFunction/syncs/Sync/comm_state[7].state_empty_recv_buff" (average)",""main/Initialise/CallInitial/CCTK_INITIAL/CallFunction/syncs/Sync/comm_state[7].state_empty_recv_buff" (minimum)",""main/Initialise/CallInitial/CCTK_INITIAL/CallFunction/syncs/Sync/comm_state[7].state_empty_recv_buff" (maximum)",""main/Initialise/CallInitial/CCTK_INITIAL/CallFunction/syncs/Sync/comm_state[8].state_empty_recv_buff" (average)",""main/Initialise/CallInitial/CCTK_INITIAL/CallFunction/syncs/Sync/comm_state[8].state_empty_recv_buff" (minimum)",""main/Initialise/CallInitial/CCTK_INITIAL/CallFunction/syncs/Sync/comm_state[8].state_empty_recv_buff" (maximum)",""main/Initialise/CallInitial/CCTK_INITIAL/CallFunction/thorns" (average)",""main/Initialise/CallInitial/CCTK_INITIAL/CallFunction/thorns" (minimum)",""main/Initialise/CallInitial/CCTK_INITIAL/CallFunction/thorns" (maximum)",""main/Initialise/CallInitial/CCTK_INITIAL/CallFunction/thorns/ADMBase_DtLapseZero" (average)",""main/Initialise/CallInitial/CCTK_INITIAL/CallFunction/thorns/ADMBase_DtLapseZero" (minimum)",""main/Initialise/CallInitial/CCTK_INITIAL/CallFunction/thorns/ADMBase_DtLapseZero" (maximum)",""main/Initialise/CallInitial/CCTK_INITIAL/CallFunction/thorns/ADMBase_DtShiftZero" (average)",""main/Initialise/CallInitial/CCTK_INITIAL/CallFunction/thorns/ADMBase_DtShiftZero" (minimum)",""main/Initialise/CallInitial/CCTK_INITIAL/CallFunction/thorns/ADMBase_DtShiftZero" (maximum)",""main/Initialise/CallInitial/CCTK_INITIAL/CallFunction/thorns/ADMBase_LapseOne" (average)",""main/Initialise/CallInitial/CCTK_INITIAL/CallFunction/thorns/ADMBase_LapseOne" (minimum)",""main/Initialise/CallInitial/CCTK_INITIAL/CallFunction/thorns/ADMBase_LapseOne" (maximum)",""main/Initialise/CallInitial/CCTK_INITIAL/CallFunction/thorns/ADMBase_ShiftZero" (average)",""main/Initialise/CallInitial/CCTK_INITIAL/CallFunction/thorns/ADMBase_ShiftZero" (minimum)",""main/Initialise/CallInitial/CCTK_INITIAL/CallFunction/thorns/ADMBase_ShiftZero" (maximum)",""main/Initialise/CallInitial/CCTK_INITIAL/CallFunction/thorns/CarpetIOASCIIInit" (average)",""main/Initialise/CallInitial/CCTK_INITIAL/CallFunction/thorns/CarpetIOASCIIInit" (minimum)",""main/Initialise/CallInitial/CCTK_INITIAL/CallFunction/thorns/CarpetIOASCIIInit" (maximum)",""main/Initialise/CallInitial/CCTK_INITIAL/CallFunction/thorns/CarpetIOBasicInit" (average)",""main/Initialise/CallInitial/CCTK_INITIAL/CallFunction/thorns/CarpetIOBasicInit" (minimum)",""main/Initialise/CallInitial/CCTK_INITIAL/CallFunction/thorns/CarpetIOBasicInit" (maximum)",""main/Initialise/CallInitial/CCTK_INITIAL/CallFunction/thorns/CarpetIOHDF5_Init" (average)",""main/Initialise/CallInitial/CCTK_INITIAL/CallFunction/thorns/CarpetIOHDF5_Init" (minimum)",""main/Initialise/CallInitial/CCTK_INITIAL/CallFunction/thorns/CarpetIOHDF5_Init" (maximum)",""main/Initialise/CallInitial/CCTK_INITIAL/CallFunction/thorns/CarpetIOScalarInit" (average)",""main/Initialise/CallInitial/CCTK_INITIAL/CallFunction/thorns/CarpetIOScalarInit" (minimum)",""main/Initialise/CallInitial/CCTK_INITIAL/CallFunction/thorns/CarpetIOScalarInit" (maximum)",""main/Initialise/CallInitial/CCTK_INITIAL/CallFunction/thorns/ML_BSSN_InitialADMBase1Everywhere" (average)",""main/Initialise/CallInitial/CCTK_INITIAL/CallFunction/thorns/ML_BSSN_InitialADMBase1Everywhere" (minimum)",""main/Initialise/CallInitial/CCTK_INITIAL/CallFunction/thorns/ML_BSSN_InitialADMBase1Everywhere" (maximum)",""main/Initialise/CallInitial/CCTK_INITIAL/CallFunction/thorns/ML_BSSN_InitialADMBase2BoundaryScalar" (average)",""main/Initialise/CallInitial/CCTK_INITIAL/CallFunction/thorns/ML_BSSN_InitialADMBase2BoundaryScalar" (minimum)",""main/Initialise/CallInitial/CCTK_INITIAL/CallFunction/thorns/ML_BSSN_InitialADMBase2BoundaryScalar" (maximum)",""main/Initialise/CallInitial/CCTK_INITIAL/CallFunction/thorns/ML_BSSN_InitialADMBase2Interior" (average)",""main/Initialise/CallInitial/CCTK_INITIAL/CallFunction/thorns/ML_BSSN_InitialADMBase2Interior" (minimum)",""main/Initialise/CallInitial/CCTK_INITIAL/CallFunction/thorns/ML_BSSN_InitialADMBase2Interior" (maximum)",""main/Initialise/CallInitial/CCTK_INITIAL/CallFunction/thorns/ManyBH_initialdata" (average)",""main/Initialise/CallInitial/CCTK_INITIAL/CallFunction/thorns/ManyBH_initialdata" (minimum)",""main/Initialise/CallInitial/CCTK_INITIAL/CallFunction/thorns/ManyBH_initialdata" (maximum)",""main/Initialise/CallInitial/CCTK_INITIAL/CallFunction/thorns/MoL_StartLoop" (average)",""main/Initialise/CallInitial/CCTK_INITIAL/CallFunction/thorns/MoL_StartLoop" (minimum)",""main/Initialise/CallInitial/CCTK_INITIAL/CallFunction/thorns/MoL_StartLoop" (maximum)",""main/Initialise/CallInitial/CCTK_INITIAL/CallFunction/thorns/StaticConformal_InitialiseState" (average)",""main/Initialise/CallInitial/CCTK_INITIAL/CallFunction/thorns/StaticConformal_InitialiseState" (minimum)",""main/Initialise/CallInitial/CCTK_INITIAL/CallFunction/thorns/StaticConformal_InitialiseState" (maximum)",""main/Initialise/CallInitial/CCTK_INITIAL/CallFunction/thorns/TmunuBase_ZeroTmunu" (average)",""main/Initialise/CallInitial/CCTK_INITIAL/CallFunction/thorns/TmunuBase_ZeroTmunu" (minimum)",""main/Initialise/CallInitial/CCTK_INITIAL/CallFunction/thorns/TmunuBase_ZeroTmunu" (maximum)",""main/Initialise/CallInitial/CCTK_POSTINITIAL" (average)",""main/Initialise/CallInitial/CCTK_POSTINITIAL" (minimum)",""main/Initialise/CallInitial/CCTK_POSTINITIAL" (maximum)",""main/Initialise/CallInitial/CCTK_POSTINITIAL/CallFunction" (average)",""main/Initialise/CallInitial/CCTK_POSTINITIAL/CallFunction" (minimum)",""main/Initialise/CallInitial/CCTK_POSTINITIAL/CallFunction" (maximum)",""main/Initialise/CallInitial/CCTK_POSTINITIAL/CallFunction/syncs" (average)",""main/Initialise/CallInitial/CCTK_POSTINITIAL/CallFunction/syncs" (minimum)",""main/Initialise/CallInitial/CCTK_POSTINITIAL/CallFunction/syncs" (maximum)",""main/Initialise/CallInitial/CCTK_POSTINITIAL/CallFunction/syncs/Prolongate" (average)",""main/Initialise/CallInitial/CCTK_POSTINITIAL/CallFunction/syncs/Prolongate" (minimum)",""main/Initialise/CallInitial/CCTK_POSTINITIAL/CallFunction/syncs/Prolongate" (maximum)",""main/Initialise/CallInitial/CCTK_POSTINITIAL/CallFunction/syncs/Sync" (average)",""main/Initialise/CallInitial/CCTK_POSTINITIAL/CallFunction/syncs/Sync" (minimum)",""main/Initialise/CallInitial/CCTK_POSTINITIAL/CallFunction/syncs/Sync" (maximum)",""main/Initialise/CallInitial/CCTK_POSTINITIAL/CallFunction/syncs/Sync/comm_state[0].create" (average)",""main/Initialise/CallInitial/CCTK_POSTINITIAL/CallFunction/syncs/Sync/comm_state[0].create" (minimum)",""main/Initialise/CallInitial/CCTK_POSTINITIAL/CallFunction/syncs/Sync/comm_state[0].create" (maximum)",""main/Initialise/CallInitial/CCTK_POSTINITIAL/CallFunction/syncs/Sync/comm_state[1].state_get_buffer_" (average)",""main/Initialise/CallInitial/CCTK_POSTINITIAL/CallFunction/syncs/Sync/comm_state[1].state_get_buffer_" (minimum)",""main/Initialise/CallInitial/CCTK_POSTINITIAL/CallFunction/syncs/Sync/comm_state[1].state_get_buffer_" (maximum)",""main/Initialise/CallInitial/CCTK_POSTINITIAL/CallFunction/syncs/Sync/comm_state[2].state_get_buffer_" (average)",""main/Initialise/CallInitial/CCTK_POSTINITIAL/CallFunction/syncs/Sync/comm_state[2].state_get_buffer_" (minimum)",""main/Initialise/CallInitial/CCTK_POSTINITIAL/CallFunction/syncs/Sync/comm_state[2].state_get_buffer_" (maximum)",""main/Initialise/CallInitial/CCTK_POSTINITIAL/CallFunction/syncs/Sync/comm_state[3].state_fill_send_b" (average)",""main/Initialise/CallInitial/CCTK_POSTINITIAL/CallFunction/syncs/Sync/comm_state[3].state_fill_send_b" (minimum)",""main/Initialise/CallInitial/CCTK_POSTINITIAL/CallFunction/syncs/Sync/comm_state[3].state_fill_send_b" (maximum)",""main/Initialise/CallInitial/CCTK_POSTINITIAL/CallFunction/syncs/Sync/comm_state[4].state_fill_send_b" (average)",""main/Initialise/CallInitial/CCTK_POSTINITIAL/CallFunction/syncs/Sync/comm_state[4].state_fill_send_b" (minimum)",""main/Initialise/CallInitial/CCTK_POSTINITIAL/CallFunction/syncs/Sync/comm_state[4].state_fill_send_b" (maximum)",""main/Initialise/CallInitial/CCTK_POSTINITIAL/CallFunction/syncs/Sync/comm_state[5].state_do_some_wor" (average)",""main/Initialise/CallInitial/CCTK_POSTINITIAL/CallFunction/syncs/Sync/comm_state[5].state_do_some_wor" (minimum)",""main/Initialise/CallInitial/CCTK_POSTINITIAL/CallFunction/syncs/Sync/comm_state[5].state_do_some_wor" (maximum)",""main/Initialise/CallInitial/CCTK_POSTINITIAL/CallFunction/syncs/Sync/comm_state[6].state_do_some_wor" (average)",""main/Initialise/CallInitial/CCTK_POSTINITIAL/CallFunction/syncs/Sync/comm_state[6].state_do_some_wor" (minimum)",""main/Initialise/CallInitial/CCTK_POSTINITIAL/CallFunction/syncs/Sync/comm_state[6].state_do_some_wor" (maximum)",""main/Initialise/CallInitial/CCTK_POSTINITIAL/CallFunction/syncs/Sync/comm_state[7].state_empty_recv_" (average)",""main/Initialise/CallInitial/CCTK_POSTINITIAL/CallFunction/syncs/Sync/comm_state[7].state_empty_recv_" (minimum)",""main/Initialise/CallInitial/CCTK_POSTINITIAL/CallFunction/syncs/Sync/comm_state[7].state_empty_recv_" (maximum)",""main/Initialise/CallInitial/CCTK_POSTINITIAL/CallFunction/syncs/Sync/comm_state[8].state_empty_recv_" (average)",""main/Initialise/CallInitial/CCTK_POSTINITIAL/CallFunction/syncs/Sync/comm_state[8].state_empty_recv_" (minimum)",""main/Initialise/CallInitial/CCTK_POSTINITIAL/CallFunction/syncs/Sync/comm_state[8].state_empty_recv_" (maximum)",""main/Initialise/CallInitial/CCTK_POSTINITIAL/CallFunction/thorns" (average)",""main/Initialise/CallInitial/CCTK_POSTINITIAL/CallFunction/thorns" (minimum)",""main/Initialise/CallInitial/CCTK_POSTINITIAL/CallFunction/thorns" (maximum)",""main/Initialise/CallInitial/CCTK_POSTINITIAL/CallFunction/thorns/ADMBase_Boundaries" (average)",""main/Initialise/CallInitial/CCTK_POSTINITIAL/CallFunction/thorns/ADMBase_Boundaries" (minimum)",""main/Initialise/CallInitial/CCTK_POSTINITIAL/CallFunction/thorns/ADMBase_Boundaries" (maximum)",""main/Initialise/CallInitial/CCTK_POSTINITIAL/CallFunction/thorns/ADMConstraints" (average)",""main/Initialise/CallInitial/CCTK_POSTINITIAL/CallFunction/thorns/ADMConstraints" (minimum)",""main/Initialise/CallInitial/CCTK_POSTINITIAL/CallFunction/thorns/ADMConstraints" (maximum)",""main/Initialise/CallInitial/CCTK_POSTINITIAL/CallFunction/thorns/ADMConstraints_Boundaries" (average)",""main/Initialise/CallInitial/CCTK_POSTINITIAL/CallFunction/thorns/ADMConstraints_Boundaries" (minimum)",""main/Initialise/CallInitial/CCTK_POSTINITIAL/CallFunction/thorns/ADMConstraints_Boundaries" (maximum)",""main/Initialise/CallInitial/CCTK_POSTINITIAL/CallFunction/thorns/Boundary_ApplyPhysicalBCs" (average)",""main/Initialise/CallInitial/CCTK_POSTINITIAL/CallFunction/thorns/Boundary_ApplyPhysicalBCs" (minimum)",""main/Initialise/CallInitial/CCTK_POSTINITIAL/CallFunction/thorns/Boundary_ApplyPhysicalBCs" (maximum)",""main/Initialise/CallInitial/CCTK_POSTINITIAL/CallFunction/thorns/Boundary_ClearSelection" (average)",""main/Initialise/CallInitial/CCTK_POSTINITIAL/CallFunction/thorns/Boundary_ClearSelection" (minimum)",""main/Initialise/CallInitial/CCTK_POSTINITIAL/CallFunction/thorns/Boundary_ClearSelection" (maximum)",""main/Initialise/CallInitial/CCTK_POSTINITIAL/CallFunction/thorns/CarpetIOHDF5_CloseFiles" (average)",""main/Initialise/CallInitial/CCTK_POSTINITIAL/CallFunction/thorns/CarpetIOHDF5_CloseFiles" (minimum)",""main/Initialise/CallInitial/CCTK_POSTINITIAL/CallFunction/thorns/CarpetIOHDF5_CloseFiles" (maximum)",""main/Initialise/CallInitial/CCTK_POSTINITIAL/CallFunction/thorns/CartGrid3D_ApplyBC" (average)",""main/Initialise/CallInitial/CCTK_POSTINITIAL/CallFunction/thorns/CartGrid3D_ApplyBC" (minimum)",""main/Initialise/CallInitial/CCTK_POSTINITIAL/CallFunction/thorns/CartGrid3D_ApplyBC" (maximum)",""main/Initialise/CallInitial/CCTK_POSTINITIAL/CallFunction/thorns/ML_BSSN_ADMBaseBoundaryScalar" (average)",""main/Initialise/CallInitial/CCTK_POSTINITIAL/CallFunction/thorns/ML_BSSN_ADMBaseBoundaryScalar" (minimum)",""main/Initialise/CallInitial/CCTK_POSTINITIAL/CallFunction/thorns/ML_BSSN_ADMBaseBoundaryScalar" (maximum)",""main/Initialise/CallInitial/CCTK_POSTINITIAL/CallFunction/thorns/ML_BSSN_ADMBaseEverywhere" (average)",""main/Initialise/CallInitial/CCTK_POSTINITIAL/CallFunction/thorns/ML_BSSN_ADMBaseEverywhere" (minimum)",""main/Initialise/CallInitial/CCTK_POSTINITIAL/CallFunction/thorns/ML_BSSN_ADMBaseEverywhere" (maximum)",""main/Initialise/CallInitial/CCTK_POSTINITIAL/CallFunction/thorns/ML_BSSN_ADMBaseInterior" (average)",""main/Initialise/CallInitial/CCTK_POSTINITIAL/CallFunction/thorns/ML_BSSN_ADMBaseInterior" (minimum)",""main/Initialise/CallInitial/CCTK_POSTINITIAL/CallFunction/thorns/ML_BSSN_ADMBaseInterior" (maximum)",""main/Initialise/CallInitial/CCTK_POSTINITIAL/CallFunction/thorns/ML_BSSN_ADMBase_SelectBCs" (average)",""main/Initialise/CallInitial/CCTK_POSTINITIAL/CallFunction/thorns/ML_BSSN_ADMBase_SelectBCs" (minimum)",""main/Initialise/CallInitial/CCTK_POSTINITIAL/CallFunction/thorns/ML_BSSN_ADMBase_SelectBCs" (maximum)",""main/Initialise/CallInitial/CCTK_POSTINITIAL/CallFunction/thorns/ML_BSSN_ConstraintsEverywhere" (average)",""main/Initialise/CallInitial/CCTK_POSTINITIAL/CallFunction/thorns/ML_BSSN_ConstraintsEverywhere" (minimum)",""main/Initialise/CallInitial/CCTK_POSTINITIAL/CallFunction/thorns/ML_BSSN_ConstraintsEverywhere" (maximum)",""main/Initialise/CallInitial/CCTK_POSTINITIAL/CallFunction/thorns/ML_BSSN_ConstraintsEverywhere_Selec" (average)",""main/Initialise/CallInitial/CCTK_POSTINITIAL/CallFunction/thorns/ML_BSSN_ConstraintsEverywhere_Selec" (minimum)",""main/Initialise/CallInitial/CCTK_POSTINITIAL/CallFunction/thorns/ML_BSSN_ConstraintsEverywhere_Selec" (maximum)",""main/Initialise/CallInitial/CCTK_POSTINITIAL/CallFunction/thorns/ML_BSSN_ConstraintsInterior" (average)",""main/Initialise/CallInitial/CCTK_POSTINITIAL/CallFunction/thorns/ML_BSSN_ConstraintsInterior" (minimum)",""main/Initialise/CallInitial/CCTK_POSTINITIAL/CallFunction/thorns/ML_BSSN_ConstraintsInterior" (maximum)",""main/Initialise/CallInitial/CCTK_POSTINITIAL/CallFunction/thorns/ML_BSSN_ConstraintsInterior_SelectB" (average)",""main/Initialise/CallInitial/CCTK_POSTINITIAL/CallFunction/thorns/ML_BSSN_ConstraintsInterior_SelectB" (minimum)",""main/Initialise/CallInitial/CCTK_POSTINITIAL/CallFunction/thorns/ML_BSSN_ConstraintsInterior_SelectB" (maximum)",""main/Initialise/CallInitial/CCTK_POSTINITIAL/CallFunction/thorns/ML_BSSN_EnforceEverywhere" (average)",""main/Initialise/CallInitial/CCTK_POSTINITIAL/CallFunction/thorns/ML_BSSN_EnforceEverywhere" (minimum)",""main/Initialise/CallInitial/CCTK_POSTINITIAL/CallFunction/thorns/ML_BSSN_EnforceEverywhere" (maximum)",""main/Initialise/CallInitial/CCTK_POSTINITIAL/CallFunction/thorns/ML_BSSN_SelectBoundConds" (average)",""main/Initialise/CallInitial/CCTK_POSTINITIAL/CallFunction/thorns/ML_BSSN_SelectBoundConds" (minimum)",""main/Initialise/CallInitial/CCTK_POSTINITIAL/CallFunction/thorns/ML_BSSN_SelectBoundConds" (maximum)",""main/Initialise/CallInitial/CCTK_POSTINITIAL/CallFunction/thorns/TmunuBase_ZeroTmunu" (average)",""main/Initialise/CallInitial/CCTK_POSTINITIAL/CallFunction/thorns/TmunuBase_ZeroTmunu" (minimum)",""main/Initialise/CallInitial/CCTK_POSTINITIAL/CallFunction/thorns/TmunuBase_ZeroTmunu" (maximum)",""main/Initialise/CallInitial/CallRegridInitialMeta" (average)",""main/Initialise/CallInitial/CallRegridInitialMeta" (minimum)",""main/Initialise/CallInitial/CallRegridInitialMeta" (maximum)",""main/Initialise/CallInitial/CallRegridInitialMeta/CCTK_PREREGRIDINITIAL" (average)",""main/Initialise/CallInitial/CallRegridInitialMeta/CCTK_PREREGRIDINITIAL" (minimum)",""main/Initialise/CallInitial/CallRegridInitialMeta/CCTK_PREREGRIDINITIAL" (maximum)",""main/Initialise/CallInitial/CallRegridInitialMeta/Regrid" (average)",""main/Initialise/CallInitial/CallRegridInitialMeta/Regrid" (minimum)",""main/Initialise/CallInitial/CallRegridInitialMeta/Regrid" (maximum)",""main/Initialise/CallInitial/CallRegridInitialMeta/RegridFree" (average)",""main/Initialise/CallInitial/CallRegridInitialMeta/RegridFree" (minimum)",""main/Initialise/CallInitial/CallRegridInitialMeta/RegridFree" (maximum)",""main/Initialise/CallInitial/Poison" (average)",""main/Initialise/CallInitial/Poison" (minimum)",""main/Initialise/CallInitial/Poison" (maximum)",""main/Initialise/CallPostInitial" (average)",""main/Initialise/CallPostInitial" (minimum)",""main/Initialise/CallPostInitial" (maximum)",""main/Initialise/CallPostInitial/CCTK_POSTPOSTINITIAL" (average)",""main/Initialise/CallPostInitial/CCTK_POSTPOSTINITIAL" (minimum)",""main/Initialise/CallPostInitial/CCTK_POSTPOSTINITIAL" (maximum)",""main/Initialise/CallPostInitial/CCTK_POSTPOSTINITIAL/CallFunction" (average)",""main/Initialise/CallPostInitial/CCTK_POSTPOSTINITIAL/CallFunction" (minimum)",""main/Initialise/CallPostInitial/CCTK_POSTPOSTINITIAL/CallFunction" (maximum)",""main/Initialise/CallPostInitial/CCTK_POSTPOSTINITIAL/CallFunction/thorns" (average)",""main/Initialise/CallPostInitial/CCTK_POSTPOSTINITIAL/CallFunction/thorns" (minimum)",""main/Initialise/CallPostInitial/CCTK_POSTPOSTINITIAL/CallFunction/thorns" (maximum)",""main/Initialise/CallPostInitial/CCTK_POSTPOSTINITIAL/CallFunction/thorns/ManyBH_cleanup" (average)",""main/Initialise/CallPostInitial/CCTK_POSTPOSTINITIAL/CallFunction/thorns/ManyBH_cleanup" (minimum)",""main/Initialise/CallPostInitial/CCTK_POSTPOSTINITIAL/CallFunction/thorns/ManyBH_cleanup" (maximum)",""main/Initialise/CallPostInitial/CCTK_POSTSTEP" (average)",""main/Initialise/CallPostInitial/CCTK_POSTSTEP" (minimum)",""main/Initialise/CallPostInitial/CCTK_POSTSTEP" (maximum)",""main/Initialise/CallRestrict" (average)",""main/Initialise/CallRestrict" (minimum)",""main/Initialise/CallRestrict" (maximum)",""main/Initialise/CallSetup" (average)",""main/Initialise/CallSetup" (minimum)",""main/Initialise/CallSetup" (maximum)",""main/Initialise/CallSetup/CCTK_PARAMCHECK" (average)",""main/Initialise/CallSetup/CCTK_PARAMCHECK" (minimum)",""main/Initialise/CallSetup/CCTK_PARAMCHECK" (maximum)",""main/Initialise/CallSetup/CCTK_PARAMCHECK/CallFunction" (average)",""main/Initialise/CallSetup/CCTK_PARAMCHECK/CallFunction" (minimum)",""main/Initialise/CallSetup/CCTK_PARAMCHECK/CallFunction" (maximum)",""main/Initialise/CallSetup/CCTK_PARAMCHECK/CallFunction/thorns" (average)",""main/Initialise/CallSetup/CCTK_PARAMCHECK/CallFunction/thorns" (minimum)",""main/Initialise/CallSetup/CCTK_PARAMCHECK/CallFunction/thorns" (maximum)",""main/Initialise/CallSetup/CCTK_PARAMCHECK/CallFunction/thorns/ADMBase_ParamCheck" (average)",""main/Initialise/CallSetup/CCTK_PARAMCHECK/CallFunction/thorns/ADMBase_ParamCheck" (minimum)",""main/Initialise/CallSetup/CCTK_PARAMCHECK/CallFunction/thorns/ADMBase_ParamCheck" (maximum)",""main/Initialise/CallSetup/CCTK_PARAMCHECK/CallFunction/thorns/ADMConstraints_ParamCheck" (average)",""main/Initialise/CallSetup/CCTK_PARAMCHECK/CallFunction/thorns/ADMConstraints_ParamCheck" (minimum)",""main/Initialise/CallSetup/CCTK_PARAMCHECK/CallFunction/thorns/ADMConstraints_ParamCheck" (maximum)",""main/Initialise/CallSetup/CCTK_PARAMCHECK/CallFunction/thorns/Boundary_Check" (average)",""main/Initialise/CallSetup/CCTK_PARAMCHECK/CallFunction/thorns/Boundary_Check" (minimum)",""main/Initialise/CallSetup/CCTK_PARAMCHECK/CallFunction/thorns/Boundary_Check" (maximum)",""main/Initialise/CallSetup/CCTK_PARAMCHECK/CallFunction/thorns/CarpetLib_test_prolongate_3d_rf2" (average)",""main/Initialise/CallSetup/CCTK_PARAMCHECK/CallFunction/thorns/CarpetLib_test_prolongate_3d_rf2" (minimum)",""main/Initialise/CallSetup/CCTK_PARAMCHECK/CallFunction/thorns/CarpetLib_test_prolongate_3d_rf2" (maximum)",""main/Initialise/CallSetup/CCTK_PARAMCHECK/CallFunction/thorns/CarpetParamCheck" (average)",""main/Initialise/CallSetup/CCTK_PARAMCHECK/CallFunction/thorns/CarpetParamCheck" (minimum)",""main/Initialise/CallSetup/CCTK_PARAMCHECK/CallFunction/thorns/CarpetParamCheck" (maximum)",""main/Initialise/CallSetup/CCTK_PARAMCHECK/CallFunction/thorns/CheckFortranParameters" (average)",""main/Initialise/CallSetup/CCTK_PARAMCHECK/CallFunction/thorns/CheckFortranParameters" (minimum)",""main/Initialise/CallSetup/CCTK_PARAMCHECK/CallFunction/thorns/CheckFortranParameters" (maximum)",""main/Initialise/CallSetup/CCTK_PARAMCHECK/CallFunction/thorns/ML_BSSN_ParamCheck" (average)",""main/Initialise/CallSetup/CCTK_PARAMCHECK/CallFunction/thorns/ML_BSSN_ParamCheck" (minimum)",""main/Initialise/CallSetup/CCTK_PARAMCHECK/CallFunction/thorns/ML_BSSN_ParamCheck" (maximum)",""main/Initialise/CallSetup/CCTK_PARAMCHECK/CallFunction/thorns/MoL_ParamCheck" (average)",""main/Initialise/CallSetup/CCTK_PARAMCHECK/CallFunction/thorns/MoL_ParamCheck" (minimum)",""main/Initialise/CallSetup/CCTK_PARAMCHECK/CallFunction/thorns/MoL_ParamCheck" (maximum)",""main/Initialise/CallSetup/CCTK_PARAMCHECK/CallFunction/thorns/ParamCheck_CartGrid3D" (average)",""main/Initialise/CallSetup/CCTK_PARAMCHECK/CallFunction/thorns/ParamCheck_CartGrid3D" (minimum)",""main/Initialise/CallSetup/CCTK_PARAMCHECK/CallFunction/thorns/ParamCheck_CartGrid3D" (maximum)",""main/Initialise/CallSetup/CCTK_PARAMCHECK/CallFunction/thorns/Vectors_Test" (average)",""main/Initialise/CallSetup/CCTK_PARAMCHECK/CallFunction/thorns/Vectors_Test" (minimum)",""main/Initialise/CallSetup/CCTK_PARAMCHECK/CallFunction/thorns/Vectors_Test" (maximum)",""main/Initialise/CallSetup/CCTK_WRAGH" (average)",""main/Initialise/CallSetup/CCTK_WRAGH" (minimum)",""main/Initialise/CallSetup/CCTK_WRAGH" (maximum)",""main/Initialise/CallSetup/CCTK_WRAGH/CallFunction" (average)",""main/Initialise/CallSetup/CCTK_WRAGH/CallFunction" (minimum)",""main/Initialise/CallSetup/CCTK_WRAGH/CallFunction" (maximum)",""main/Initialise/CallSetup/CCTK_WRAGH/CallFunction/thorns" (average)",""main/Initialise/CallSetup/CCTK_WRAGH/CallFunction/thorns" (minimum)",""main/Initialise/CallSetup/CCTK_WRAGH/CallFunction/thorns" (maximum)",""main/Initialise/CallSetup/CCTK_WRAGH/CallFunction/thorns/ADMConstraint_InitSymBound" (average)",""main/Initialise/CallSetup/CCTK_WRAGH/CallFunction/thorns/ADMConstraint_InitSymBound" (minimum)",""main/Initialise/CallSetup/CCTK_WRAGH/CallFunction/thorns/ADMConstraint_InitSymBound" (maximum)",""main/Initialise/CallSetup/CCTK_WRAGH/CallFunction/thorns/Boundary_RegisterBCs" (average)",""main/Initialise/CallSetup/CCTK_WRAGH/CallFunction/thorns/Boundary_RegisterBCs" (minimum)",""main/Initialise/CallSetup/CCTK_WRAGH/CallFunction/thorns/Boundary_RegisterBCs" (maximum)",""main/Initialise/CallSetup/CCTK_WRAGH/CallFunction/thorns/Einstein_ActivateSlicing" (average)",""main/Initialise/CallSetup/CCTK_WRAGH/CallFunction/thorns/Einstein_ActivateSlicing" (minimum)",""main/Initialise/CallSetup/CCTK_WRAGH/CallFunction/thorns/Einstein_ActivateSlicing" (maximum)",""main/Initialise/CallSetup/CCTK_WRAGH/CallFunction/thorns/Einstein_InitSymBound" (average)",""main/Initialise/CallSetup/CCTK_WRAGH/CallFunction/thorns/Einstein_InitSymBound" (minimum)",""main/Initialise/CallSetup/CCTK_WRAGH/CallFunction/thorns/Einstein_InitSymBound" (maximum)",""main/Initialise/CallSetup/CCTK_WRAGH/CallFunction/thorns/Einstein_SetNextSlicing" (average)",""main/Initialise/CallSetup/CCTK_WRAGH/CallFunction/thorns/Einstein_SetNextSlicing" (minimum)",""main/Initialise/CallSetup/CCTK_WRAGH/CallFunction/thorns/Einstein_SetNextSlicing" (maximum)",""main/Initialise/CallSetup/CCTK_WRAGH/CallFunction/thorns/ML_BSSN_ParamCompat" (average)",""main/Initialise/CallSetup/CCTK_WRAGH/CallFunction/thorns/ML_BSSN_ParamCompat" (minimum)",""main/Initialise/CallSetup/CCTK_WRAGH/CallFunction/thorns/ML_BSSN_ParamCompat" (maximum)",""main/Initialise/CallSetup/CCTK_WRAGH/CallFunction/thorns/ML_BSSN_RegisterConstrained" (average)",""main/Initialise/CallSetup/CCTK_WRAGH/CallFunction/thorns/ML_BSSN_RegisterConstrained" (minimum)",""main/Initialise/CallSetup/CCTK_WRAGH/CallFunction/thorns/ML_BSSN_RegisterConstrained" (maximum)",""main/Initialise/CallSetup/CCTK_WRAGH/CallFunction/thorns/ML_BSSN_RegisterSymmetries" (average)",""main/Initialise/CallSetup/CCTK_WRAGH/CallFunction/thorns/ML_BSSN_RegisterSymmetries" (minimum)",""main/Initialise/CallSetup/CCTK_WRAGH/CallFunction/thorns/ML_BSSN_RegisterSymmetries" (maximum)",""main/Initialise/CallSetup/CCTK_WRAGH/CallFunction/thorns/ML_BSSN_RegisterVars" (average)",""main/Initialise/CallSetup/CCTK_WRAGH/CallFunction/thorns/ML_BSSN_RegisterVars" (minimum)",""main/Initialise/CallSetup/CCTK_WRAGH/CallFunction/thorns/ML_BSSN_RegisterVars" (maximum)",""main/Initialise/CallSetup/CCTK_WRAGH/CallFunction/thorns/ManyBH_spectralinit" (average)",""main/Initialise/CallSetup/CCTK_WRAGH/CallFunction/thorns/ManyBH_spectralinit" (minimum)",""main/Initialise/CallSetup/CCTK_WRAGH/CallFunction/thorns/ManyBH_spectralinit" (maximum)",""main/Initialise/CallSetup/CCTK_WRAGH/CallFunction/thorns/MoL_ReportNumberVariables" (average)",""main/Initialise/CallSetup/CCTK_WRAGH/CallFunction/thorns/MoL_ReportNumberVariables" (minimum)",""main/Initialise/CallSetup/CCTK_WRAGH/CallFunction/thorns/MoL_ReportNumberVariables" (maximum)",""main/Initialise/CallSetup/CCTK_WRAGH/CallFunction/thorns/MoL_SetScheduleStatus" (average)",""main/Initialise/CallSetup/CCTK_WRAGH/CallFunction/thorns/MoL_SetScheduleStatus" (minimum)",""main/Initialise/CallSetup/CCTK_WRAGH/CallFunction/thorns/MoL_SetScheduleStatus" (maximum)",""main/Initialise/CallSetup/CCTK_WRAGH/CallFunction/thorns/MoL_SetupIndexArrays" (average)",""main/Initialise/CallSetup/CCTK_WRAGH/CallFunction/thorns/MoL_SetupIndexArrays" (minimum)",""main/Initialise/CallSetup/CCTK_WRAGH/CallFunction/thorns/MoL_SetupIndexArrays" (maximum)",""main/Initialise/CallSetup/CCTK_WRAGH/CallFunction/thorns/RegisterCartGrid3DCoords" (average)",""main/Initialise/CallSetup/CCTK_WRAGH/CallFunction/thorns/RegisterCartGrid3DCoords" (minimum)",""main/Initialise/CallSetup/CCTK_WRAGH/CallFunction/thorns/RegisterCartGrid3DCoords" (maximum)",""main/Initialise/CallSetup/CCTK_WRAGH/CallFunction/thorns/RegisterSymmetryBoundaries" (average)",""main/Initialise/CallSetup/CCTK_WRAGH/CallFunction/thorns/RegisterSymmetryBoundaries" (minimum)",""main/Initialise/CallSetup/CCTK_WRAGH/CallFunction/thorns/RegisterSymmetryBoundaries" (maximum)",""main/Initialise/CallSetup/CCTK_WRAGH/CallFunction/thorns/Slab_InitTimers" (average)",""main/Initialise/CallSetup/CCTK_WRAGH/CallFunction/thorns/Slab_InitTimers" (minimum)",""main/Initialise/CallSetup/CCTK_WRAGH/CallFunction/thorns/Slab_InitTimers" (maximum)",""main/Initialise/CallSetup/CCTK_WRAGH/CallFunction/thorns/SymBase_Statistics" (average)",""main/Initialise/CallSetup/CCTK_WRAGH/CallFunction/thorns/SymBase_Statistics" (minimum)",""main/Initialise/CallSetup/CCTK_WRAGH/CallFunction/thorns/SymBase_Statistics" (maximum)",""main/Initialise/CallSetup/CCTK_WRAGH/CallFunction/thorns/TmunuBase_SetStressEnergyState" (average)",""main/Initialise/CallSetup/CCTK_WRAGH/CallFunction/thorns/TmunuBase_SetStressEnergyState" (minimum)",""main/Initialise/CallSetup/CCTK_WRAGH/CallFunction/thorns/TmunuBase_SetStressEnergyState" (maximum)",""main/Initialise/CallSetup/Poison" (average)",""main/Initialise/CallSetup/Poison" (minimum)",""main/Initialise/CallSetup/Poison" (maximum)",""main/Initialise/CarpetLib::ggf::recompose_allocate" (average)",""main/Initialise/CarpetLib::ggf::recompose_allocate" (minimum)",""main/Initialise/CarpetLib::ggf::recompose_allocate" (maximum)",""main/Initialise/CarpetLib::ggf::recompose_crop" (average)",""main/Initialise/CarpetLib::ggf::recompose_crop" (minimum)",""main/Initialise/CarpetLib::ggf::recompose_crop" (maximum)",""main/Initialise/dh::recompose_free_old" (average)",""main/Initialise/dh::recompose_free_old" (minimum)",""main/Initialise/dh::recompose_free_old" (maximum)",""main/Shutdown" (average)",""main/Shutdown" (minimum)",""main/Shutdown" (maximum)",""main/Shutdown/CallFunction" (average)",""main/Shutdown/CallFunction" (minimum)",""main/Shutdown/CallFunction" (maximum)",""main/Shutdown/CallFunction/thorns" (average)",""main/Shutdown/CallFunction/thorns" (minimum)",""main/Shutdown/CallFunction/thorns" (maximum)",""main/Shutdown/CallFunction/thorns/CarpetIOHDF5_TerminationCheckpoint" (average)",""main/Shutdown/CallFunction/thorns/CarpetIOHDF5_TerminationCheckpoint" (minimum)",""main/Shutdown/CallFunction/thorns/CarpetIOHDF5_TerminationCheckpoint" (maximum)",""main/Shutdown/CallFunction/thorns/MoL_FreeIndexArrays" (average)",""main/Shutdown/CallFunction/thorns/MoL_FreeIndexArrays" (minimum)",""main/Shutdown/CallFunction/thorns/MoL_FreeIndexArrays" (maximum)",""main/Shutdown/CallFunction/thorns/lc_statistics_terminate" (average)",""main/Shutdown/CallFunction/thorns/lc_statistics_terminate" (minimum)",""main/Shutdown/CallFunction/thorns/lc_statistics_terminate" (maximum)",""main/Shutdown/CallFunction/thorns/zzz_TimerReport_Output" (average)",""main/Shutdown/CallFunction/thorns/zzz_TimerReport_Output" (minimum)",""main/Shutdown/CallFunction/thorns/zzz_TimerReport_Output" (maximum)",""meta mode" (average)",""meta mode" (minimum)",""meta mode" (maximum)",""meta mode/meta mode" (average)",""meta mode/meta mode" (minimum)",""meta mode/meta mode" (maximum)",""meta mode/meta mode/enter_global_mode" (average)",""meta mode/meta mode/enter_global_mode" (minimum)",""meta mode/meta mode/enter_global_mode" (maximum)",""meta mode/meta mode/global mode" (average)",""meta mode/meta mode/global mode" (minimum)",""meta mode/meta mode/global mode" (maximum)",""meta mode/meta mode/global mode/enter_level_mode" (average)",""meta mode/meta mode/global mode/enter_level_mode" (minimum)",""meta mode/meta mode/global mode/enter_level_mode" (maximum)",""meta mode/meta mode/global mode/leave_level_mode" (average)",""meta mode/meta mode/global mode/leave_level_mode" (minimum)",""meta mode/meta mode/global mode/leave_level_mode" (maximum)",""meta mode/meta mode/global mode/level(0)" (average)",""meta mode/meta mode/global mode/level(0)" (minimum)",""meta mode/meta mode/global mode/level(0)" (maximum)",""meta mode/meta mode/global mode/level(0)/enter_local_mode" (average)",""meta mode/meta mode/global mode/level(0)/enter_local_mode" (minimum)",""meta mode/meta mode/global mode/level(0)/enter_local_mode" (maximum)",""meta mode/meta mode/global mode/level(0)/enter_singlemap_mode" (average)",""meta mode/meta mode/global mode/level(0)/enter_singlemap_mode" (minimum)",""meta mode/meta mode/global mode/level(0)/enter_singlemap_mode" (maximum)",""meta mode/meta mode/global mode/level(0)/leave_local_mode" (average)",""meta mode/meta mode/global mode/level(0)/leave_local_mode" (minimum)",""meta mode/meta mode/global mode/level(0)/leave_local_mode" (maximum)",""meta mode/meta mode/global mode/level(0)/leave_singlemap_mode" (average)",""meta mode/meta mode/global mode/level(0)/leave_singlemap_mode" (minimum)",""meta mode/meta mode/global mode/level(0)/leave_singlemap_mode" (maximum)",""meta mode/meta mode/leave_global_mode" (average)",""meta mode/meta mode/leave_global_mode" (minimum)",""meta mode/meta mode/leave_global_mode" (maximum)"
5,0.00390625,17.916337,17.916337,17.916337,0,0,0,0,0,0,0,0,0,0,0,0,0,0,0,0,0,0,0,0,0,0,0,0,0,0,0,0,0,0,0,0,0,0,0,0,0,0,0,0,0,0,0,0,0,0,0,0,0,0,0,0,0,0,0,0,0,0,0,0,0,0,0,0,0,0,0,0,0,0,0,0,0,0,0,0,0,0,0.000105,0.000105,0.000105,0.100012,0.100012,0.100012,1e-06,1e-06,1e-06,2.3e-05,2.3e-05,2.3e-05,8e-06,8e-06,8e-06,3e-06,3e-06,3e-06,1e-06,1e-06,1e-06,3e-06,3e-06,3e-06,2.4e-05,2.4e-05,2.4e-05,1e-06,1e-06,1e-06,1e-06,1e-06,1e-06,3e-06,3e-06,3e-06,2.6e-05,2.6e-05,2.6e-05,1e-06,1e-06,1e-06,4e-06,4e-06,4e-06,0,0,0,2e-06,2e-06,2e-06,2.9e-05,2.9e-05,2.9e-05,4e-06,4e-06,4e-06,4e-06,4e-06,4e-06,2e-06,2e-06,2e-06,3e-06,3e-06,3e-06,2e-06,2e-06,2e-06,5.1e-05,5.1e-05,5.1e-05,9.9e-05,9.9e-05,9.9e-05,1.6e-05,1.6e-05,1.6e-05,5.5e-05,5.5e-05,5.5e-05,1.1e-05,1.1e-05,1.1e-05,8e-06,8e-06,8e-06,0.000249,0.000249,0.000249,5.109885,5.109885,5.109885,7.1e-05,7.1e-05,7.1e-05,3.4e-05,3.4e-05,3.4e-05,9.2e-05,9.2e-05,9.2e-05,0.000216,0.000216,0.000216,0.00013,0.00013,0.00013,3.4e-05,3.4e-05,3.4e-05,3.8e-05,3.8e-05,3.8e-05,0.000153,0.000153,0.000153,1.2e-05,1.2e-05,1.2e-05,5.3e-05,5.3e-05,5.3e-05,3.9e-05,3.9e-05,3.9e-05,7.6e-05,7.6e-05,7.6e-05,9e-06,9e-06,9e-06,5e-05,5e-05,5e-05,1.9e-05,1.9e-05,1.9e-05,1.4e-05,1.4e-05,1.4e-05,1e-05,1e-05,1e-05,0.000143,0.000143,0.000143,3.1e-05,3.1e-05,3.1e-05,3.7e-05,3.7e-05,3.7e-05,7.1e-05,7.1e-05,7.1e-05,4.6e-05,4.6e-05,4.6e-05,4.3e-05,4.3e-05,4.3e-05,3.6e-05,3.6e-05,3.6e-05,7.8e-05,7.8e-05,7.8e-05,0.002462,0.002462,0.002462,2.8e-05,2.8e-05,2.8e-05,0.000776,0.000776,0.000776,0.000618,0.000618,0.000618,5.5e-05,5.5e-05,5.5e-05,0.002312,0.002312,0.002312,0.000423,0.000423,0.000423,0.000159,0.000159,0.000159,4.2e-05,4.2e-05,4.2e-05,2.4e-05,2.4e-05,2.4e-05,2.1e-05,2.1e-05,2.1e-05,5.9e-05,5.9e-05,5.9e-05,9.939118,9.939118,9.939118,0.000413,0.000413,0.000413,0.001469,0.001469,0.001469,0.000347,0.000347,0.000347,0.001455,0.001455,0.001455,2.9e-05,2.9e-05,2.9e-05,1.9e-05,1.9e-05,1.9e-05,2.6e-05,2.6e-05,2.6e-05,1.9e-05,1.9e-05,1.9e-05,0.034544,0.034544,0.034544,0.007448,0.007448,0.007448,3.5e-05,3.5e-05,3.5e-05,0.005402,0.005402,0.005402,0.001235,0.001235,0.001235,0.004232,0.004232,0.004232,3.7e-05,3.7e-05,3.7e-05,0.000151,0.000151,0.000151,0.013467,0.013467,0.013467,0.000191,0.000191,0.000191,3.3e-05,3.3e-05,3.3e-05,0.000162,0.000162,0.000162,0.00507,0.00507,0.00507,0.001479,0.001479,0.001479,0.023655,0.023655,0.023655,0.000122,0.000122,0.000122,0.001219,0.001219,0.001219,0.031415,0.031415,0.031415,6.5e-05,6.5e-05,6.5e-05,0.000551,0.000551,0.000551,0.000136,0.000136,0.000136,0.015086,0.015086,0.015086,0.000146,0.000146,0.000146,6.7e-05,6.7e-05,6.7e-05,5.9e-05,5.9e-05,5.9e-05,0.000105,0.000105,0.000105,7.4e-05,7.4e-05,7.4e-05,0.000186,0.000186,0.000186,0.043845,0.043845,0.043845,0.001784,0.001784,0.001784,0.004702,0.004702,0.004702,0.000185,0.000185,0.000185,0.000369,0.000369,0.000369,8.2e-05,8.2e-05,8.2e-05,9e-05,9e-05,9e-05,7.6e-05,7.6e-05,7.6e-05,5.7e-05,5.7e-05,5.7e-05,0.0337,0.0337,0.0337,0.025001,0.025001,0.025001,0.062004,0.062004,0.062004,0.10365,0.10365,0.10365,0.147295,0.147295,0.147295,0.164982,0.164982,0.164982,0.039852,0.039852,0.039852,0.000185,0.000185,0.000185,0.000137,0.000137,0.000137,0.040407,0.040407,0.040407,0.000679,0.000679,0.000679,0.096816,0.096816,0.096816,0.001339,0.001339,0.001339,0.000228,0.000228,0.000228,0.000676,0.000676,0.000676,0.041202,0.041202,0.041202,0.013248,0.013248,0.013248,0.242388,0.242388,0.242388,0.000225,0.000225,0.000225,0.012441,0.012441,0.012441,0.00015,0.00015,0.00015,8.6e-05,8.6e-05,8.6e-05,0.00024,0.00024,0.00024,6.6e-05,6.6e-05,6.6e-05,0.16001,0.16001,0.16001,0.000304,0.000304,0.000304,0.00181,0.00181,0.00181,0.00021,0.00021,0.00021,0.073317,0.073317,0.073317,0.000251,0.000251,0.000251,0.000186,0.000186,0.000186,6.3e-05,6.3e-05,6.3e-05,5.8e-05,5.8e-05,5.8e-05,3.6e-05,3.6e-05,3.6e-05,4.5e-05,4.5e-05,4.5e-05,0,0,0,0,0,0,0.004147,0.004147,0.004147,4e-06,4e-06,4e-06,2e-05,2e-05,2e-05,2.9e-05,2.9e-05,2.9e-05,0.00352,0.00352,0.00352,0.003401,0.003401,0.003401,7.8e-05,7.8e-05,7.8e-05,0.001667,0.001667,0.001667,0.00015,0.00015,0.00015,1.5e-05,1.5e-05,1.5e-05,0.000149,0.000149,0.000149,1.7e-05,1.7e-05,1.7e-05,0.000146,0.000146,0.000146,2.2e-05,2.2e-05,2.2e-05,0.000173,0.000173,0.000173,1.2e-05,1.2e-05,1.2e-05,0.000754,0.000754,0.000754,0.000123,0.000123,0.000123,0.000149,0.000149,0.000149,2e-05,2e-05,2e-05,3.2e-05,3.2e-05,3.2e-05,1.8e-05,1.8e-05,1.8e-05,0.000365,0.000365,0.000365,0.000319,0.000319,0.000319,1.8e-05,1.8e-05,1.8e-05,1.6e-05,1.6e-05,1.6e-05,1.9e-05,1.9e-05,1.9e-05,1.5e-05,1.5e-05,1.5e-05,2e-05,2e-05,2e-05,1.6e-05,1.6e-05,1.6e-05,2.3e-05,2.3e-05,2.3e-05,5.1e-05,5.1e-05,5.1e-05,6.1e-05,6.1e-05,6.1e-05,0.000126,0.000126,0.000126,0.000312,0.000312,0.000312,2e-05,2e-05,2e-05,1e-06,1e-06,1e-06,1.986138,1.986138,1.986138,4e-06,4e-06,4e-06,0.663738,0.663738,0.663738,0.039215,0.039215,0.039215,0.039009,0.039009,0.039009,0.038744,0.038744,0.038744,5e-06,5e-06,5e-06,5e-06,5e-06,5e-06,5e-06,5e-06,5e-06,0.038669,0.038669,0.038669,0.000288,0.000288,0.000288,0.00023,0.00023,0.00023,5e-05,5e-05,5e-05,1.7e-05,1.7e-05,1.7e-05,6e-06,6e-06,6e-06,2e-05,2e-05,2e-05,0.623449,0.623449,0.623449,0.623433,0.623433,0.623433,0.002929,0.002929,0.002929,0.002896,0.002896,0.002896,0.009755,0.009755,0.009755,0.009725,0.009725,0.009725,2.9e-05,2.9e-05,2.9e-05,5e-06,5e-06,5e-06,2.2e-05,2.2e-05,2.2e-05,4e-06,4e-06,4e-06,0.034043,0.034043,0.034043,0.03403,0.03403,0.03403,0.087555,0.087555,0.087555,0.087536,0.087536,0.087536,3e-05,3e-05,3e-05,6e-06,6e-06,6e-06,2.3e-05,2.3e-05,2.3e-05,6e-06,6e-06,6e-06,0.029024,0.029024,0.029024,0.029,0.029,0.029,2.9e-05,2.9e-05,2.9e-05,8e-06,8e-06,8e-06,0.459849,0.459849,0.459849,0.459833,0.459833,0.459833,1.321897,1.321897,1.321897,1.263953,1.263953,1.263953,1.262763,1.262763,1.262763,0.001351,0.001351,0.001351,1.3e-05,1.3e-05,1.3e-05,0.001025,0.001025,0.001025,4.1e-05,4.1e-05,4.1e-05,0.000163,0.000163,0.000163,4.6e-05,4.6e-05,4.6e-05,8.8e-05,8.8e-05,8.8e-05,3.2e-05,3.2e-05,3.2e-05,8.8e-05,8.8e-05,8.8e-05,4.1e-05,4.1e-05,4.1e-05,8.7e-05,8.7e-05,8.7e-05,3.2e-05,3.2e-05,3.2e-05,1.25379,1.25379,1.25379,0.000112,0.000112,0.000112,0.159849,0.159849,0.159849,0.000119,0.000119,0.000119,0.095255,0.095255,0.095255,6.8e-05,6.8e-05,6.8e-05,0.000127,0.000127,0.000127,0.012689,0.012689,0.012689,0.24195,0.24195,0.24195,0.040942,0.040942,0.040942,0.000163,0.000163,0.000163,0.001672,0.001672,0.001672,8e-05,8e-05,8e-05,0.073178,0.073178,0.073178,0.000102,0.000102,0.000102,0.039803,0.039803,0.039803,0.061483,0.061483,0.061483,0.103268,0.103268,0.103268,0.146915,0.146915,0.146915,0.164609,0.164609,0.164609,0.000295,0.000295,0.000295,0.039352,0.039352,0.039352,2.8e-05,2.8e-05,2.8e-05,0.000116,0.000116,0.000116,5.2e-05,5.2e-05,5.2e-05,4e-05,4e-05,4e-05,0.024381,0.024381,0.024381,0.033466,0.033466,0.033466,9.6e-05,9.6e-05,9.6e-05,8.7e-05,8.7e-05,8.7e-05,6.9e-05,6.9e-05,6.9e-05,6.5e-05,6.5e-05,6.5e-05,4.9e-05,4.9e-05,4.9e-05,3.5e-05,3.5e-05,3.5e-05,0.012172,0.012172,0.012172,0.00715,0.00715,0.00715,0.007006,0.007006,0.007006,0.006193,0.006193,0.006193,0.001571,0.001571,0.001571,0.004526,0.004526,0.004526,2.2e-05,2.2e-05,2.2e-05,5e-06,5e-06,5e-06,0.000114,0.000114,0.000114,0.050277,0.050277,0.050277,0.000102,0.000102,0.000102,2.7e-05,2.7e-05,2.7e-05,9e-06,9e-06,9e-06,9e-06,9e-06,9e-06,4e-06,4e-06,4e-06,4e-06,4e-06,4e-06,1e-05,1e-05,1e-05,3e-06,3e-06,3e-06,15.929182,15.929182,15.929182,0.650116,0.650116,0.650116,0.005251,0.005251,0.005251,0.005159,0.005159,0.005159,0.005094,0.005094,0.005094,1e-06,1e-06,1e-06,1e-06,1e-06,1e-06,1e-06,1e-06,1e-06,0.005058,0.005058,0.005058,6.7e-05,6.7e-05,6.7e-05,5e-05,5e-05,5e-05,1.6e-05,1.6e-05,1.6e-05,7e-06,7e-06,7e-06,0.644522,0.644522,0.644522,0.644513,0.644513,0.644513,0.000897,0.000897,0.000897,0.000887,0.000887,0.000887,0.002645,0.002645,0.002645,0.002632,0.002632,0.002632,1e-05,1e-05,1e-05,1e-06,1e-06,1e-06,9e-06,9e-06,9e-06,1e-06,1e-06,1e-06,0.006873,0.006873,0.006873,0.006859,0.006859,0.006859,0.275119,0.275119,0.275119,0.275107,0.275107,0.275107,1.3e-05,1.3e-05,1.3e-05,2e-06,2e-06,2e-06,1e-05,1e-05,1e-05,1e-06,1e-06,1e-06,0.263901,0.263901,0.263901,0.263891,0.263891,0.263891,1.2e-05,1.2e-05,1.2e-05,1e-06,1e-06,1e-06,0.094888,0.094888,0.094888,0.094877,0.094877,0.094877,10.165408,10.165408,10.165408,0.007318,0.007318,0.007318,0.007171,0.007171,0.007171,0.006784,0.006784,0.006784,1.6e-05,1.6e-05,1.6e-05,1.5e-05,1.5e-05,1.5e-05,2e-05,2e-05,2e-05,6e-06,6e-06,6e-06,2.7e-05,2.7e-05,2.7e-05,0.000567,0.000567,0.000567,0.000115,0.000115,0.000115,8e-06,8e-06,8e-06,0.000709,0.000709,0.000709,0.002267,0.002267,0.002267,0.000403,0.000403,0.000403,0.00243,0.00243,0.00243,4.9e-05,4.9e-05,4.9e-05,3e-06,3e-06,3e-06,6e-06,6e-06,6e-06,7e-06,7e-06,7e-06,4e-06,4e-06,4e-06,2e-06,2e-06,2e-06,2e-06,2e-06,2e-06,9.991713,9.991713,9.991713,9.9916,9.9916,9.9916,0.000127,0.000127,0.000127,1e-06,1e-06,1e-06,0.000106,0.000106,0.000106,4e-06,4e-06,4e-06,6e-06,6e-06,6e-06,2e-06,2e-06,2e-06,2e-06,2e-06,2e-06,1e-06,1e-06,1e-06,2e-06,2e-06,2e-06,1e-06,1e-06,1e-06,2e-06,2e-06,2e-06,1e-06,1e-06,1e-06,9.991021,9.991021,9.991021,0.000303,0.000303,0.000303,0.001417,0.001417,0.001417,0.000321,0.000321,0.000321,0.001427,0.001427,0.001427,5e-06,5e-06,5e-06,4e-06,4e-06,4e-06,8e-06,8e-06,8e-06,4e-06,4e-06,4e-06,0.034493,0.034493,0.034493,0.007397,0.007397,0.007397,0.005356,0.005356,0.005356,9.938913,9.938913,9.938913,2.3e-05,2.3e-05,2.3e-05,1.7e-05,1.7e-05,1.7e-05,0.001192,0.001192,0.001192,0.097366,0.097366,0.097366,0.097179,0.097179,0.097179,0.000224,0.000224,0.000224,3e-06,3e-06,3e-06,0.000179,0.000179,0.000179,6e-06,6e-06,6e-06,1.8e-05,1.8e-05,1.8e-05,5e-06,5e-06,5e-06,1e-05,1e-05,1e-05,4e-06,4e-06,4e-06,1.1e-05,1.1e-05,1.1e-05,5e-06,5e-06,5e-06,9e-06,9e-06,9e-06,6e-06,6e-06,6e-06,0.096341,0.096341,0.096341,2.4e-05,2.4e-05,2.4e-05,0.031371,0.031371,0.031371,2.3e-05,2.3e-05,2.3e-05,0.013255,0.013255,0.013255,7e-06,7e-06,7e-06,1.1e-05,1.1e-05,1.1e-05,2.2e-05,2.2e-05,2.2e-05,0.001411,0.001411,0.001411,0.023604,0.023604,0.023604,0.005034,0.005034,0.005034,0.000106,0.000106,0.000106,0.000516,0.000516,0.000516,0.000105,0.000105,0.000105,0.015047,0.015047,0.015047,0.00011,0.00011,0.00011,0.004176,0.004176,0.004176,0.000119,0.000119,0.000119,0.001185,0.001185,0.001185,6e-05,6e-05,6e-05,4e-06,4e-06,4e-06,2e-06,2e-06,2e-06,2e-06,2e-06,2e-06,0.06875,0.06875,0.06875,0.000152,0.000152,0.000152,7.7e-05,7.7e-05,7.7e-05,6e-05,6e-05,6e-05,4.5e-05,4.5e-05,4.5e-05,3.8e-05,3.8e-05,3.8e-05,3e-06,3e-06,3e-06,1e-06,1e-06,1e-06,5.112018,5.112018,5.112018,0.000471,0.000471,0.000471,0.000412,0.000412,0.000412,0.000373,0.000373,0.000373,2.1e-05,2.1e-05,2.1e-05,6.7e-05,6.7e-05,6.7e-05,1e-06,1e-06,1e-06,9e-06,9e-06,9e-06,4.2e-05,4.2e-05,4.2e-05,1e-06,1e-06,1e-06,0.000112,0.000112,0.000112,2.1e-05,2.1e-05,2.1e-05,6e-06,6e-06,6e-06,2.6e-05,2.6e-05,2.6e-05,5.111295,5.111295,5.111295,5.111183,5.111183,5.111183,5.110983,5.110983,5.110983,9.1e-05,9.1e-05,9.1e-05,7e-06,7e-06,7e-06,3e-06,3e-06,3e-06,3e-05,3e-05,3e-05,2e-06,2e-06,2e-06,0.000218,0.000218,0.000218,0.000102,0.000102,0.000102,0.000127,0.000127,0.000127,0.000152,0.000152,0.000152,5.109869,5.109869,5.109869,2.7e-05,2.7e-05,2.7e-05,2.4e-05,2.4e-05,2.4e-05,5.3e-05,5.3e-05,5.3e-05,2.6e-05,2.6e-05,2.6e-05,1.1e-05,1.1e-05,1.1e-05,2.5e-05,2.5e-05,2.5e-05,2e-06,2e-06,2e-06,8.4e-05,8.4e-05,8.4e-05,0.000167,0.000167,0.000167,0.000135,0.000135,0.000135,0.000105,0.000105,0.000105,7.2e-05,7.2e-05,7.2e-05,0,0,0,0.000132,0.000132,0.000132,3.5e-05,3.5e-05,3.5e-05,9e-06,9e-06,9e-06,3e-06,3e-06,3e-06,1e-06,1e-06,1e-06,0,0,0,0,0,0,0,0,0,0.001032,0.001032,0.001032,17.911224,17.911224,17.911224,0.003176,0.003176,0.003176,0.0022,0.0022,0.0022,12.723062,12.723062,12.723062,0.043543,0.043543,0.043543,0.003397,0.003397,0.003397,0.009702,0.009702,0.009702,0.003511,0.003511,0.003511,0.000339,0.000339,0.000339
